0 251 0 251
0 0 5.75257515309738e+02
0 100 1.04001344742742e+02
0 99 -3.03254405369601e+02
0 98 1.62085900760492e+02
0 97 1.82098823668755e+02
0 96 -1.33421050029667e+02
0 95 2.44416259811933e+02
0 94 -3.50925929404525e+02
0 93 7.31618536133466e+02
0 92 -2.06411774521995e+02
0 91 -4.24750870625961e+02
0 90 4.10179903496944e+01
0 89 3.32934208124478e+02
0 88 -4.59272623613361e+02
0 87 4.55369266249188e+02
0 86 1.08267674617833e+02
0 85 -5.17669516101187e+02
0 84 -1.49166091860682e+02
0 83 5.17892153596683e+02
0 82 1.87871346592827e+02
0 81 7.94995985433417e+01
0 80 -1.52253167110533e+02
0 79 5.34813847449524e+01
0 78 3.30134196372554e+02
0 77 -1.25667196283533e+02
0 76 -7.17588325054227e+02
0 75 1.14361210346913e+02
0 74 9.71327635015523e+02
0 73 -3.88238577708862e+02
0 72 -7.92488602848104e+02
0 12 7.45210545179454e+01
0 13 1.69802807593135e+02
0 14 -3.61324237118813e+02
0 15 3.85467115997430e+02
0 16 -1.56061978811530e+02
0 17 1.42006800367894e+01
0 11 2.60578354044822e+01
0 10 7.96454561000729e+01
0 9 -1.33019982607530e+02
0 8 -3.33078447776932e+02
0 7 -2.25291854357108e+02
0 6 -5.06135979906619e+01
0 5 6.45511444838827e+01
0 4 -2.22995523490861e+02
0 3 2.38216064638703e+02
0 2 1.05426404825027e+02
0 1 -5.07381731498821e+02
0 101 -7.24551511482124e+01
1 1 1.31862318043637e+03
1 100 3.77679808374785e+02
1 99 4.76015725605665e+02
1 98 -3.20691048457573e+02
1 97 1.00065092872722e+03
1 96 -2.52313093315973e+02
1 95 -3.07696590773148e+02
1 94 4.68984948813971e+02
1 93 -9.83070129224530e+02
1 92 2.83069426882771e+02
1 91 -8.24923346261139e+02
1 90 2.75776963231662e+02
1 89 -6.50365934739779e+02
1 88 8.54621271232625e+02
1 87 -1.01196986131939e+03
1 86 5.58126739196496e+01
1 85 1.37963798800306e+03
1 84 -2.10034625777374e+02
1 83 6.29294115743877e+02
1 82 -1.89155245306445e+02
1 81 -3.24993097862601e+02
1 80 6.51821996879790e+02
1 79 -1.08085958027185e+02
1 78 -1.08582344459830e+03
1 77 2.89651660221667e+02
1 76 1.64380322181804e+03
1 75 -3.82309265728504e+02
1 74 -1.83182586832323e+03
1 73 9.54197201839623e+01
1 72 5.21778582804507e+02
1 12 -5.15332637494072e+01
1 13 -1.52527869332146e+02
1 14 -2.20296561387795e+02
1 15 3.42776265016267e+02
1 16 -5.68534034481015e+02
1 17 2.70735401397669e+02
1 11 2.13354079207577e+02
1 10 -1.12281888332169e+02
1 9 6.67899970928432e+01
1 8 5.74226957847623e+02
1 7 4.95304562829089e+02
1 6 2.13514806566307e+02
1 5 -2.22995523490851e+02
1 4 5.66575640728961e+02
1 3 -3.44376319293920e+02
1 2 -4.85004863279449e+02
1 101 -6.83170487064543e+02
1 0 -5.07381731498821e+02
2 2 8.77639673908394e+02
2 100 2.96470057871798e+02
2 99 5.78849962437264e+02
2 98 -4.70347310337222e+02
2 97 5.59288996887431e+02
2 96 -1.88572666082348e+02
2 95 6.19853121585436e-01
2 94 -5.86836339614512e+01
2 93 -9.12453331476383e+02
2 92 6.47386049410903e+02
2 91 -7.77698557830322e+02
2 90 3.38779337990212e+01
2 89 3.37621846313389e+02
2 88 -3.43834948667467e+02
2 87 7.31594326561604e+02
2 86 -4.71482711024481e+02
2 85 -1.78756575570183e+02
2 84 2.43347645188813e+02
2 83 4.65974737376152e+02
2 82 -1.34018501474920e+02
2 81 4.20591372860755e+02
2 80 -9.22448115402975e+02
2 79 1.94449671597824e+02
2 78 1.10509961747637e+03
2 77 -4.39733684897371e+02
2 76 -8.85481763152745e+02
2 75 2.63682874562886e+02
2 74 -2.02413131031430e+01
2 73 -6.84078422469281e+00
2 72 1.30061953965173e+02
2 12 -3.61276667488401e+01
2 13 -3.51768811487989e+02
2 14 3.11460996618413e+02
2 15 3.07375644161481e+02
2 16 -3.04691240493584e+02
2 17 1.67168026512823e+02
2 11 1.92919257328696e+02
2 10 -2.05787929743825e+02
2 9 -5.74771539842814e+01
2 8 -1.13889527004019e+02
2 7 -3.90716184013979e+02
2 6 -3.01295389530350e+02
2 5 2.38216064638718e+02
2 4 -3.44376319293925e+02
2 3 -2.24065222813902e+02
2 101 -4.86226112558315e+02
2 1 -4.85004863279449e+02
2 0 1.05426404825027e+02
3 3 8.77639673908391e+02
3 100 -1.89756054686545e+02
3 99 -5.59288996887433e+02
3 98 3.70716330805094e+02
3 97 -5.78849962437309e+02
3 96 1.08502652100059e+02
3 95 7.77698557830252e+02
3 94 -7.43820624031233e+02
3 93 9.12453331476458e+02
3 92 -2.65067282065543e+02
3 91 -6.19853121486973e-01
3 90 -5.80637808398732e+01
3 89 -4.65974737376093e+02
3 88 3.31956235901183e+02
3 87 1.78756575570175e+02
3 86 6.45910696186382e+01
3 85 -7.31594326561655e+02
3 84 2.60111615537157e+02
3 83 -3.37621846313488e+02
3 82 -6.21310235406520e+00
3 81 6.84078422468684e+00
3 80 1.23221169740501e+02
3 79 -2.63682874562905e+02
3 78 2.43441561459748e+02
3 77 4.39733684897384e+02
3 76 -1.32521544805011e+03
3 75 -1.94449671597838e+02
3 74 1.29954928907419e+03
3 73 -4.20591372860757e+02
3 72 -5.01856742542190e+02
3 12 3.01295389530339e+02
3 13 3.90716184014003e+02
3 14 1.13889527004016e+02
3 15 5.74771539842370e+01
3 16 2.05787929743856e+02
3 17 -1.92919257328712e+02
3 11 -1.67168026512834e+02
3 10 3.04691240493584e+02
3 9 -3.07375644161444e+02
3 8 -3.11460996618404e+02
3 7 3.51768811487972e+02
3 6 3.61276667488483e+01
3 5 1.05426404825018e+02
3 4 -4.85004863279446e+02
3 101 4.86226112558359e+02
3 2 -2.24065222813902e+02
3 1 -3.44376319293920e+02
3 0 2.38216064638703e+02
4 4 1.31862318043639e+03
4 100 -3.05490678689759e+02
4 99 -1.00065092872727e+03
4 98 7.48337835411305e+02
4 97 -4.76015725605742e+02
4 96 1.55324677148107e+02
4 95 8.24923346261156e+02
4 94 -5.49146383029486e+02
4 93 9.83070129224519e+02
4 92 -7.00000702341771e+02
4 91 3.07696590773272e+02
4 90 1.61288358040809e+02
4 89 -6.29294115743870e+02
4 88 4.40138870437417e+02
4 87 -1.37963798800304e+03
4 86 1.16960336222569e+03
4 85 1.01196986131942e+03
4 84 -9.56157187399765e+02
4 83 6.50365934739766e+02
4 82 2.04255336492839e+02
4 81 -9.54197201839250e+01
4 80 6.17198302988462e+02
4 79 3.82309265728501e+02
4 78 -2.21413513405177e+03
4 77 -2.89651660221675e+02
4 76 1.93345488203973e+03
4 75 1.08085958027210e+02
4 74 -1.19390940262550e+03
4 73 3.24993097862589e+02
4 72 3.26828899017214e+02
4 12 -2.13514806566307e+02
4 13 -4.95304562829081e+02
4 14 -5.74226957847652e+02
4 15 -6.67899970928706e+01
4 16 1.12281888332201e+02
4 17 -2.13354079207581e+02
4 11 -2.70735401397674e+02
4 10 5.68534034481038e+02
4 9 -3.42776265016250e+02
4 8 2.20296561387782e+02
4 7 1.52527869332143e+02
4 6 5.15332637494048e+01
4 5 -5.07381731498831e+02
4 101 6.83170487064536e+02
4 3 -4.85004863279446e+02
4 2 -3.44376319293925e+02
4 1 5.66575640728961e+02
4 0 -2.22995523490861e+02
5 5 5.75257515309746e+02
5 100 3.15461935945550e+01
5 99 -1.82098823668719e+02
5 98 4.86777736390458e+01
5 97 3.03254405369718e+02
5 96 -1.41168504609135e+02
5 95 4.24750870625951e+02
5 94 -3.83732880276267e+02
5 93 -7.31618536133515e+02
5 92 5.25206761611513e+02
5 91 -2.44416259812141e+02
5 90 -1.06509669592562e+02
5 89 -5.17892153596711e+02
5 88 7.05763500189542e+02
5 87 5.17669516101191e+02
5 86 -6.66835607961891e+02
5 85 -4.55369266249169e+02
5 84 5.63636940867027e+02
5 83 -3.32934208124360e+02
5 82 -1.26338415488904e+02
5 81 3.88238577708849e+02
5 80 -1.18072718055698e+03
5 79 -1.14361210346906e+02
5 78 1.08568884536246e+03
5 77 1.25667196283535e+02
5 76 -8.43255521337765e+02
5 75 -5.34813847449579e+01
5 74 3.83615581117479e+02
5 73 -7.94995985433432e+01
5 72 -7.27535685671955e+01
5 12 5.06135979906750e+01
5 13 2.25291854357061e+02
5 14 3.33078447776967e+02
5 15 1.33019982607589e+02
5 16 -7.96454561001356e+01
5 17 -2.60578354044610e+01
5 11 -1.42006800367737e+01
5 10 1.56061978811514e+02
5 9 -3.85467115997451e+02
5 8 3.61324237118824e+02
5 7 -1.69802807593127e+02
5 6 -7.45210545179517e+01
5 101 7.24551511481717e+01
5 4 -5.07381731498831e+02
5 3 1.05426404825018e+02
5 2 2.38216064638718e+02
5 1 -2.22995523490851e+02
5 0 6.45511444838827e+01
6 6 2.70068622301601e+03
6 7 -2.43590850060111e+03
6 8 2.37837641311861e+02
6 9 1.29346650332778e+03
6 10 -1.08172335538861e+03
6 11 3.28973607091443e+02
6 100 1.81898184352815e+02
6 99 1.06847583465306e+03
6 98 -9.31299562479438e+02
6 97 5.45399754148055e+02
6 96 8.66689558872389e+01
6 95 -2.56779803525091e+03
6 94 2.38709608806863e+03
6 93 1.18622001772376e+02
6 92 -5.92142147234234e+02
6 91 1.45021595996979e+03
6 90 -4.83766296209044e+01
6 89 3.74404754566562e+03
6 88 -3.58286553372569e+03
6 87 -1.34632243670449e+03
6 86 1.41324869270531e+03
6 85 -4.78776653777337e+02
6 84 -3.87988347892731e+02
6 83 1.14342738544288e+03
6 82 -1.12063060156183e+01
6 81 -2.97571111214628e+03
6 80 3.22208907854135e+03
6 79 9.95301570645506e+02
6 78 -1.51519258852651e+03
6 77 -1.29473340628521e+02
6 76 9.02366441943830e+02
6 75 -3.34353973783010e+02
6 74 -1.97211211475101e+02
6 73 3.85321612137577e+02
6 72 -1.66247399019429e+01
6 12 -1.34135238809748e+02
6 13 -4.45065281874936e+02
6 14 -7.41245251817336e+02
6 15 -6.40171047883937e+02
6 16 -1.83687597489363e+02
6 17 7.57622703862079e+01
6 101 -3.25213006384034e+02
6 5 -7.45210545179517e+01
6 4 5.15332637494048e+01
6 3 3.61276667488483e+01
6 2 -3.01295389530350e+02
6 1 2.13514806566307e+02
6 0 -5.06135979906619e+01
6 646 -1.56841058578731e+01
6 645 2.17468267925388e+02
6 644 -1.53890578251760e+02
6 643 -2.84724485933009e+02
6 642 7.79827116122014e+01
6 641 -6.70300880432941e+02
6 640 7.24967258038013e+02
6 639 4.84972207309910e+02
6 638 -4.77185360273011e+02
6 637 -7.45879277106629e+01
6 636 4.10344530588095e+01
6 635 9.39695579798164e+02
6 634 -1.24621144862945e+03
6 633 -4.88916066832653e+02
6 632 9.86406862185448e+02
6 631 2.46308756043273e+02
6 630 -5.64340661352663e+02
6 629 1.12871648732462e+02
6 628 1.04370235913508e+02
6 627 -5.10615229744823e+02
6 626 1.42359341886413e+03
6 625 2.04821178633403e+02
6 624 -1.60066434330697e+03
6 623 -1.03160638925884e+02
6 622 1.17384310632021e+03
6 621 2.72542006161667e+01
6 620 -4.70682730903928e+02
6 619 3.43758966581742e+01
6 618 8.33338635991184e+01
6 341 1.94656134588363e+01
6 340 9.26393576520707e+01
6 339 5.98626850126583e+01
6 338 -6.75135870485736e+01
6 337 -9.55643460744015e+01
6 336 -2.10538640418296e+01
6 342 -2.29940688351581e+01
6 343 1.49941411719889e+02
6 344 -2.57435281401288e+02
6 345 -3.31269845969156e+01
6 346 4.62491835991688e+02
6 347 -3.35739501124531e+02
6 647 -5.62934149678955e+01
7 7 6.58205463329155e+03
7 6 -2.43590850060111e+03
7 8 -1.73115028644674e+03
7 9 -2.20511885495346e+03
7 10 2.87454842646695e+03
7 11 -1.15703569326004e+03
7 100 -9.63794492334898e+02
7 99 -3.69218014223307e+03
7 98 3.22684787707287e+03
7 97 -2.42042554898680e+03
7 96 5.56184340883449e+01
7 95 6.29138253723165e+03
7 94 -5.82392633894817e+03
7 93 1.01807460777105e+03
7 92 5.09541390113846e+02
7 91 -2.04146810247589e+03
7 90 5.18690772136694e+01
7 89 -7.59170178260456e+03
7 88 7.41134747904036e+03
7 87 6.02346350393170e+02
7 86 -1.46599334931548e+03
7 85 5.11759543221153e+02
7 84 5.28630585822011e+02
7 83 -8.92446424945954e+02
7 82 -4.09563088048712e+01
7 81 1.87089311365957e+03
7 80 -1.41325561037191e+03
7 79 -9.94091569963401e+02
7 78 -1.50372931375453e+02
7 77 9.84808830817755e+02
7 76 3.46043186076660e+01
7 75 -7.08500514789412e+02
7 74 -4.28965992939588e+02
7 73 8.50792002283450e+02
7 72 1.93180929509440e+02
7 12 -4.45065281874936e+02
7 13 2.02890901180917e+02
7 14 8.11407272933205e+02
7 15 1.30224528335333e+03
7 16 9.48212537285406e+02
7 17 -4.70735405872547e+02
7 101 1.68462336510747e+03
7 5 -1.69802807593127e+02
7 4 1.52527869332143e+02
7 3 3.51768811487972e+02
7 2 -3.90716184013979e+02
7 1 4.95304562829089e+02
7 0 -2.25291854357108e+02
7 646 9.19328765239323e+01
7 645 1.97815283558056e+02
7 644 -6.19014799705671e+01
7 643 2.94365869297576e+02
7 642 -9.68012592252555e+01
7 641 3.69216056895778e+02
7 640 -5.86539329481592e+02
7 639 -5.82612036779421e+02
7 638 5.73504166116535e+02
7 637 1.01200178635206e+02
7 636 -6.32042562774469e+01
7 635 -1.12989084020607e+03
7 634 1.46473243630310e+03
7 633 9.23962425227871e+02
7 632 -1.39080742135387e+03
7 631 -5.24039611250896e+02
7 630 8.60305887410380e+02
7 629 -1.43206350418999e+02
7 628 -1.31019631350889e+02
7 627 7.40428699488412e+02
7 626 -1.60120001779908e+03
7 625 -4.08038571671209e+02
7 624 3.07895794297150e+03
7 623 2.25096611028366e+02
7 622 -2.65889922617726e+03
7 621 -4.45742010649257e+01
7 620 1.43678314411288e+03
7 619 -1.76356618141037e+02
7 618 -3.74778302280056e+02
7 341 -1.13852373211318e+02
7 340 -1.57791684828924e+02
7 339 -9.20819759039922e+01
7 338 8.96240803890206e+01
7 337 6.30453247435211e+01
7 336 -9.55643460743996e+01
7 342 -3.52579689658388e+01
7 343 -4.47393113444349e+01
7 344 2.78136293478316e+02
7 345 -7.24052656497797e+01
7 346 -5.87322507741285e+02
7 347 4.93546137332868e+02
7 647 -2.66193762725818e+02
8 8 5.05977353819437e+03
8 6 2.37837641311861e+02
8 7 -1.73115028644674e+03
8 9 -3.68579624117803e+02
8 10 -2.06558288084010e+03
8 11 1.30986386312527e+03
8 100 1.53271796132336e+03
8 99 4.05679468150117e+03
8 98 -3.70393162141654e+03
8 97 4.14846082062699e+03
8 96 -5.06234554150904e+02
8 95 -4.59213895287228e+03
8 94 4.55864368685096e+03
8 93 -2.96679107409156e+03
8 92 8.89428623448396e+02
8 91 -1.03944666591756e+03
8 90 1.65387112722780e+02
8 89 -9.63405941198530e+02
8 88 1.31864290634632e+03
8 87 7.63667808735961e+02
8 86 -1.46250572532697e+03
8 85 2.76080630978146e+03
8 84 -1.88851937668726e+02
8 83 -2.47828136241641e+03
8 82 -4.22082108176707e+01
8 81 7.06722865043762e+02
8 80 -1.32732240883247e+03
8 79 -5.54484219532184e+02
8 78 3.85931635624167e+02
8 77 5.44629655176691e+02
8 76 4.00766625958483e+02
8 75 -8.44712722252401e+02
8 74 -7.56139604778915e+02
8 73 1.26653270286754e+03
8 72 3.85234655267642e+02
8 12 -7.41245251817347e+02
8 13 8.11407272933214e+02
8 14 1.27861371975752e+03
8 15 -7.63604348590101e+02
8 16 -1.77661624287313e+03
8 17 7.13185999066079e+02
8 101 -2.44152519521109e+03
8 5 3.61324237118824e+02
8 4 2.20296561387782e+02
8 3 -3.11460996618404e+02
8 2 -1.13889527004019e+02
8 1 5.74226957847623e+02
8 0 -3.33078447776932e+02
8 646 -1.04428733104573e+02
8 645 -2.28572095051613e+02
8 644 3.40066347097204e+02
8 643 2.43589557233478e+02
8 642 2.14728986401431e+01
8 641 5.44898200917831e+02
8 640 -6.47204093774786e+02
8 639 -3.07447896232783e+02
8 638 -9.82746538654383e+01
8 637 1.30522662079556e+02
8 636 6.52627849751206e+01
8 635 1.21136682761501e+02
8 634 -9.55370655273371e+00
8 633 -3.51105309513410e+02
8 632 1.66504273267902e+02
8 631 3.15187627577925e+02
8 630 1.82544809993853e+01
8 629 -7.49311395665620e+01
8 628 -9.73180427908745e+01
8 627 -2.28511790343737e+02
8 626 1.96723547162409e+02
8 625 2.53734619547124e+02
8 624 -4.37190971936667e+02
8 623 -2.05132441138899e+02
8 622 2.00258685799469e+03
8 621 5.38150495279415e+01
8 620 -1.64522421126429e+03
8 619 2.74797868596553e+02
8 618 6.03018778931922e+02
8 341 1.99645446104496e+02
8 340 2.59487744584960e+01
8 339 3.38468910680379e+01
8 338 1.18947798780433e+02
8 337 8.96240803890208e+01
8 336 -6.75135870485732e+01
8 342 7.66879591506741e+01
8 343 -1.71194290287762e+02
8 344 8.92688716381876e+01
8 345 2.85728351525789e+02
8 346 -5.39592037501164e+01
8 347 -7.87533130581156e+01
8 647 -1.36702862270653e+01
9 9 5.11344782962053e+03
9 6 1.29346650332778e+03
9 7 -2.20511885495346e+03
9 8 -3.68579624117803e+02
9 10 -2.65044190532718e+03
9 11 7.41209308479660e+02
9 100 2.25139507300043e+02
9 99 2.25314529729201e+03
9 98 -1.20919674835764e+03
9 97 -1.54324827711411e+02
9 96 1.96095042968729e+02
9 95 -6.45787551373902e+03
9 94 5.92788398495743e+03
9 93 -1.34637010553908e+03
9 92 -3.55744025360945e+02
9 91 3.90505430029493e+03
9 90 -2.56298226726824e+02
9 89 5.10885090891251e+03
9 88 -4.93031932777183e+03
9 87 -3.88504770545951e+01
9 86 6.35772538148057e+01
9 85 6.59026939592106e+02
9 84 -2.96288278372346e+02
9 83 -2.21977180320027e+03
9 82 4.11034493116016e+01
9 81 -1.78663852641113e+03
9 80 2.33643154115708e+03
9 79 2.86323130634201e+02
9 78 2.81288615553592e+02
9 77 -1.89782968693411e+02
9 76 4.97607715064995e+02
9 75 -2.23349832211123e+02
9 74 -8.63336419917186e+01
9 73 8.10312175126782e+02
9 72 1.81316886305944e+02
9 12 -6.40171047883949e+02
9 13 1.30224528335339e+03
9 14 -7.63604348590123e+02
9 15 -1.75344963362114e+03
9 16 6.79736315490575e+02
9 17 5.28512532912693e+02
9 101 -1.49956665557349e+03
9 5 -3.85467115997451e+02
9 4 -3.42776265016250e+02
9 3 -3.07375644161444e+02
9 2 -5.74771539842814e+01
9 1 6.67899970928432e+01
9 0 -1.33019982607530e+02
9 646 -3.21237880368491e+02
9 645 -6.40673711342109e+02
9 644 6.24887796080985e+02
9 643 -3.01709180108782e+02
9 642 2.24243721081979e+02
9 641 -2.09967581356881e+02
9 640 2.71807533992962e+02
9 639 7.19196606003293e+02
9 638 -7.51503900349549e+02
9 637 9.96790284730874e+01
9 636 -1.42759900244477e+02
9 635 6.65587589958241e+02
9 634 -7.93760050525813e+02
9 633 -6.03180300321091e+02
9 632 7.40774163790386e+02
9 631 1.42425110718449e+01
9 630 -2.41834310588534e+02
9 629 -1.38924736271912e+02
9 628 1.61866354868709e+02
9 627 -3.25168943132084e+02
9 626 8.92561691037393e+02
9 625 2.07416606350440e+01
9 624 -1.46885029715680e+03
9 623 1.26073078507917e+02
9 622 1.61004425596447e+03
9 621 -5.74235152478275e+01
9 620 1.21368153651845e+02
9 619 -3.73677366033302e+01
9 618 -1.62532114904276e+02
9 341 -4.60942051679402e+01
9 340 -7.23188674472881e+01
9 339 3.98654476342176e+00
9 338 3.38468910680428e+01
9 337 -9.20819759039893e+01
9 336 5.98626850126502e+01
9 342 1.90176358992007e+02
9 343 -2.12838532036978e+02
9 344 -2.90277951440330e+02
9 345 1.16415717387700e+02
9 346 2.71410138623417e+02
9 347 -2.45625664729862e+02
9 647 3.84548961716037e+02
10 10 7.05086310713712e+03
10 6 -1.08172335538861e+03
10 7 2.87454842646695e+03
10 8 -2.06558288084010e+03
10 9 -2.65044190532718e+03
10 11 -3.09839968600249e+03
10 100 -2.85414165635946e+03
10 99 -9.61358426611491e+03
10 98 8.02777312687119e+03
10 97 -7.33378452231557e+03
10 96 1.03230371928803e+03
10 95 8.47923541944422e+03
10 94 -7.55635018877585e+03
10 93 4.82167876500782e+03
10 92 -2.18309581634154e+03
10 91 3.30082013368274e+03
10 90 -3.99948529557016e+02
10 89 -4.40527442608473e+03
10 88 4.14478263042509e+03
10 87 -2.88675890298081e+03
10 86 1.97738992358967e+03
10 85 -1.79667465068720e+03
10 84 4.16896628687708e+02
10 83 -6.07030465158908e+02
10 82 1.38371229952511e+02
10 81 1.09161740713118e+03
10 80 -1.34196979489535e+03
10 79 4.26910503194556e+02
10 78 -1.26046304099776e+03
10 77 1.51817082522823e+02
10 76 -5.70966570271903e+01
10 75 2.82722755535491e+02
10 74 2.94572315969601e+02
10 73 -5.73543682206256e+01
10 72 -1.43086546667975e+02
10 12 -1.83687597489338e+02
10 13 9.48212537285351e+02
10 14 -1.77661624287310e+03
10 15 6.79736315490570e+02
10 16 2.94850049742079e+03
10 17 -2.31235986735203e+03
10 101 6.37501106264005e+03
10 5 1.56061978811514e+02
10 4 5.68534034481038e+02
10 3 3.04691240493584e+02
10 2 -2.05787929743825e+02
10 1 -1.12281888332169e+02
10 0 7.96454561000729e+01
10 646 -2.73554681136305e+02
10 645 -3.44329142731449e+02
10 644 2.81448645022472e+02
10 643 -4.23160897178135e+02
10 642 2.15905133095431e+02
10 641 -3.67058927664176e+02
10 640 3.32432622305962e+02
10 639 5.34994611226116e+02
10 638 -1.39401900144283e+02
10 637 1.80814958571205e+02
10 636 -2.99381420305136e+02
10 635 -3.05535799245134e+02
10 634 2.42216832017054e+02
10 633 6.10782043693723e+02
10 632 -8.40089083120301e+01
10 631 -6.74932090902771e+02
10 630 -2.45059771681058e+02
10 629 8.51961013450050e+01
10 628 3.29480284708308e+02
10 627 2.42366276895575e+02
10 626 -5.99210533042470e+02
10 625 -5.72617038043564e+01
10 624 1.32870707473149e+03
10 623 -3.00263658581771e+01
10 622 -2.25632279272493e+03
10 621 1.60238773171797e+02
10 620 2.60973688600106e+03
10 619 -1.82228891801014e+02
10 618 -7.22817769424255e+02
10 341 -1.45289175790072e+02
10 340 1.52236311512313e+02
10 339 -7.23188674472892e+01
10 338 2.59487744584871e+01
10 337 -1.57791684828917e+02
10 336 9.26393576520697e+01
10 342 1.46834151835473e+02
10 343 -7.57581174309440e+01
10 344 -1.74594801462057e+02
10 345 -1.33377393393591e+02
10 346 -5.50136876173023e+01
10 347 1.58002264228821e+02
10 647 3.84544546152053e+02
11 11 2.49486519484259e+03
11 6 3.28973607091443e+02
11 7 -1.15703569326004e+03
11 8 1.30986386312527e+03
11 9 7.41209308479660e+02
11 10 -3.09839968600249e+03
11 100 2.44653263523766e+03
11 99 5.15629413775536e+03
11 98 -4.25837869013440e+03
11 97 4.59314945335161e+03
11 96 -9.00860042065246e+02
11 95 -3.81713335994506e+03
11 94 3.39865694952747e+03
11 93 -3.45365354777769e+03
11 92 1.71064236938910e+03
11 91 -2.69162985060805e+03
11 90 2.51745666069742e+02
11 89 1.49400291899271e+03
11 88 -1.37290308970998e+03
11 87 1.86834699944491e+03
11 86 -1.33639031580611e+03
11 85 1.57003000994889e+03
11 84 -3.35042459844596e+02
11 83 6.02185115397583e+02
11 82 4.83226047348114e+01
11 81 -2.53813589157791e+02
11 80 2.85493782052592e+02
11 79 -3.31309806781924e+02
11 78 7.43436639623203e+02
11 77 -1.01836142370185e+02
11 76 -7.85985431662320e+00
11 75 -2.26953844601951e+02
11 74 -4.09547447113176e+02
11 73 3.59853984388978e+01
11 72 -9.94129972879788e+01
11 12 7.57622703862039e+01
11 13 -4.70735405872538e+02
11 14 7.13185999066060e+02
11 15 5.28512532912711e+02
11 16 -2.31235986735202e+03
11 17 1.46804854481981e+03
11 101 -4.35848698177324e+03
11 5 -1.42006800367737e+01
11 4 -2.70735401397674e+02
11 3 -1.67168026512834e+02
11 2 1.92919257328696e+02
11 1 2.13354079207577e+02
11 0 2.60578354044822e+01
11 646 -1.12091598154991e+02
11 645 3.54275877059665e+02
11 644 -3.09707949761105e+02
11 643 -2.00780173220051e+02
11 642 1.03708989888611e+02
11 641 2.55880602764322e+02
11 640 -2.35921578840991e+02
11 639 -4.33309168789633e+02
11 638 1.21968795954357e+02
11 637 4.36415625682257e+02
11 636 3.75111004877509e+01
11 635 3.36329984807406e+01
11 634 3.64131859667570e+01
11 633 -2.38109885181993e+02
11 632 -1.47174331311807e+02
11 631 2.53754911502112e+02
11 630 4.46375308818844e+02
11 629 -4.94595894575064e+02
11 628 -3.19766378203135e+02
11 627 -5.00386641062669e+01
11 626 1.23282520060722e+02
11 625 8.98292890005441e+00
11 624 -4.00716216575577e+02
11 623 1.90936128819351e+01
11 622 9.54109768965905e+02
11 621 -5.62257352455073e+01
11 620 -1.32368052867571e+03
11 619 2.76928463272925e+02
11 618 9.87223962912558e+02
11 341 1.40222239303804e+02
11 340 -1.45289175790067e+02
11 339 -4.60942051679367e+01
11 338 1.99645446104497e+02
11 337 -1.13852373211323e+02
11 336 1.94656134588432e+01
11 342 3.62175390504450e+01
11 343 1.28074318209110e+02
11 344 1.44445831136807e+02
11 345 5.34100895005867e+01
11 346 -2.88820646893903e+01
11 347 -2.81029411486087e+01
11 647 9.91238670873860e+01
12 12 2.70068622301602e+03
12 220 7.19775208257720e+01
12 219 -2.84724485932965e+02
12 218 2.06741774320769e+02
12 217 2.17468267925377e+02
12 216 -6.35776896736229e+01
12 215 -7.45879277107368e+01
12 214 3.35534746519248e+01
12 213 4.84972207309903e+02
12 212 -7.78684703690341e+00
12 211 -6.70300880432941e+02
12 210 -5.46663776050664e+01
12 209 1.12871648732502e+02
12 208 -2.17241884646008e+02
12 207 2.46308756043280e+02
12 206 3.18031905309385e+02
12 205 -4.88916066832655e+02
12 204 -4.97490795352783e+02
12 203 9.39695579798160e+02
12 202 3.06515868831283e+02
12 201 3.43758966581715e+01
12 200 -1.17709760257292e+02
12 199 2.72542006161640e+01
12 198 4.43428530287776e+02
12 197 -1.03160638925883e+02
12 196 -1.07068246739434e+03
12 195 2.04821178633405e+02
12 194 1.39584316467354e+03
12 193 -5.10615229744829e+02
12 192 -9.12978189119300e+02
12 54 3.35739501124529e+02
12 55 -4.62491835991687e+02
12 56 3.31269845969117e+01
12 57 2.57435281401291e+02
12 58 -1.49941411719886e+02
12 59 2.29940688351610e+01
12 65 -2.10538640418359e+01
12 64 -9.55643460743768e+01
12 63 -6.75135870485927e+01
12 62 5.98626850126408e+01
12 61 9.26393576520910e+01
12 60 1.94656134588309e+01
12 101 -3.25213006384021e+02
12 100 1.43314822031219e+02
12 99 5.45399754147983e+02
12 98 -6.32068710035236e+02
12 97 1.06847583465300e+03
12 96 -1.37176272173629e+02
12 95 1.45021595996986e+03
12 94 -1.40183933034895e+03
12 93 1.18622001772427e+02
12 92 4.73520145461853e+02
12 91 -2.56779803525093e+03
12 90 1.80701947182278e+02
12 89 1.14342738544287e+03
12 88 -1.13222107942724e+03
12 87 -4.78776653777306e+02
12 86 8.66765001670046e+02
12 85 -1.34632243670452e+03
12 84 -6.69262560008148e+01
12 83 3.74404754566568e+03
12 82 -1.61182011939922e+02
12 81 3.85321612137555e+02
12 80 -3.68696872235650e+02
12 79 -3.34353973783002e+02
12 78 5.31565185258119e+02
12 77 -1.29473340628528e+02
12 76 -7.72893101315299e+02
12 75 9.95301570645509e+02
12 74 5.19891017880996e+02
12 73 -2.97571111214627e+03
12 72 -2.46377966395063e+02
12 221 -5.62934149679031e+01
12 13 -2.43590850060115e+03
12 14 2.37837641311858e+02
12 15 1.29346650332782e+03
12 16 -1.08172335538859e+03
12 17 3.28973607091435e+02
12 11 7.57622703862039e+01
12 10 -1.83687597489338e+02
12 9 -6.40171047883949e+02
12 8 -7.41245251817347e+02
12 7 -4.45065281874936e+02
12 6 -1.34135238809748e+02
12 5 5.06135979906750e+01
12 4 -2.13514806566307e+02
12 3 3.01295389530339e+02
12 2 -3.61276667488401e+01
12 1 -5.15332637494072e+01
12 0 7.45210545179454e+01
13 13 6.58205463329165e+03
13 220 1.74260886201890e+02
13 219 2.94365869297542e+02
13 218 -1.97564610072289e+02
13 217 1.97815283558066e+02
13 216 -1.35913803587495e+02
13 215 1.01200178635259e+02
13 214 -3.79959223578086e+01
13 213 -5.82612036779433e+02
13 212 9.10787066289215e+00
13 211 3.69216056895775e+02
13 210 2.17323272585808e+02
13 209 -1.43206350419009e+02
13 208 2.74225981769898e+02
13 207 -5.24039611250891e+02
13 206 -3.36266276159486e+02
13 205 9.23962425227880e+02
13 204 4.66844996125991e+02
13 203 -1.12989084020607e+03
13 202 -3.34841596097022e+02
13 201 -1.76356618141038e+02
13 200 5.51134920421095e+02
13 199 -4.45742010649171e+01
13 198 -1.39220894304797e+03
13 197 2.25096611028364e+02
13 196 2.43380261514889e+03
13 195 -4.08038571671209e+02
13 194 -2.67091937130026e+03
13 193 7.40428699488425e+02
13 192 8.60771318310651e+02
13 54 -4.93546137332870e+02
13 55 5.87322507741285e+02
13 56 7.24052656497848e+01
13 57 -2.78136293478320e+02
13 58 4.47393113444324e+01
13 59 3.52579689658406e+01
13 65 -9.55643460743984e+01
13 64 6.30453247435035e+01
13 63 8.96240803890316e+01
13 62 -9.20819759039758e+01
13 61 -1.57791684828932e+02
13 60 -1.13852373211317e+02
13 101 1.68462336510746e+03
13 100 -7.20828872772584e+02
13 99 -2.42042554898670e+03
13 98 2.36480711489837e+03
13 97 -3.69218014223298e+03
13 96 4.65332265160215e+02
13 95 -2.04146810247604e+03
13 94 1.98959902526237e+03
13 93 1.01807460777094e+03
13 92 -1.52761599788490e+03
13 91 6.29138253723178e+03
13 90 -4.67456198283487e+02
13 89 -8.92446424945878e+02
13 88 9.33402733750733e+02
13 87 5.11759543221183e+02
13 86 -1.04039012904315e+03
13 85 6.02346350393171e+02
13 84 8.63646998922329e+02
13 83 -7.59170178260480e+03
13 82 1.80354303564235e+02
13 81 8.50792002283473e+02
13 80 -1.04397293179282e+03
13 79 -7.08500514789414e+02
13 78 1.13746650772896e+03
13 77 9.84808830817763e+02
13 76 -1.01941314942543e+03
13 75 -9.94091569963410e+02
13 74 1.14446450133887e+03
13 73 1.87089311365960e+03
13 72 -4.57637503287664e+02
13 12 -2.43590850060115e+03
13 221 -2.66193762725828e+02
13 14 -1.73115028644673e+03
13 15 -2.20511885495357e+03
13 16 2.87454842646694e+03
13 17 -1.15703569326003e+03
13 11 -4.70735405872538e+02
13 10 9.48212537285351e+02
13 9 1.30224528335339e+03
13 8 8.11407272933214e+02
13 7 2.02890901180917e+02
13 6 -4.45065281874936e+02
13 5 2.25291854357061e+02
13 4 -4.95304562829081e+02
13 3 3.90716184014003e+02
13 2 -3.51768811487989e+02
13 1 -1.52527869332146e+02
13 0 1.69802807593135e+02
14 14 5.05977353819439e+03
14 220 1.18099019331633e+02
14 219 2.43589557233448e+02
14 218 -2.65062455873602e+02
14 217 -2.28572095051588e+02
14 216 -1.11494252045593e+02
14 215 1.30522662079603e+02
14 214 -1.95785447054723e+02
14 213 -3.07447896232768e+02
14 212 4.05722550098224e+02
14 211 5.44898200917805e+02
14 210 1.02305892856954e+02
14 209 -7.49311395665954e+01
14 208 1.72249182357466e+02
14 207 3.15187627577907e+02
14 206 -3.33442108577300e+02
14 205 -3.51105309513407e+02
14 204 1.84601036245492e+02
14 203 1.21136682761507e+02
14 202 -1.11582976208768e+02
14 201 2.74797868596554e+02
14 200 -8.77816647528478e+02
14 199 5.38150495279392e+01
14 198 1.59140916173634e+03
14 197 -2.05132441138894e+02
14 196 -1.79745441685580e+03
14 195 2.53734619547114e+02
14 194 1.83456352389554e+02
14 193 -2.28511790343733e+02
14 192 3.17882431813186e+01
14 54 7.87533130581139e+01
14 55 5.39592037501144e+01
14 56 -2.85728351525777e+02
14 57 -8.92688716381851e+01
14 58 1.71194290287751e+02
14 59 -7.66879591506766e+01
14 65 -6.75135870485677e+01
14 64 8.96240803890056e+01
14 63 1.18947798780445e+02
14 62 3.38468910680506e+01
14 61 2.59487744584820e+01
14 60 1.99645446104502e+02
14 101 -2.44152519521102e+03
14 100 9.08807233887697e+02
14 99 4.14846082062695e+03
14 98 -3.64222626647606e+03
14 97 4.05679468150113e+03
14 96 -3.52863060084631e+02
14 95 -1.03944666591752e+03
14 94 8.74059553194733e+02
14 93 -2.96679107409145e+03
14 92 2.07736245064314e+03
14 91 -4.59213895287233e+03
14 90 3.34952660213242e+01
14 89 -2.47828136241644e+03
14 88 2.52048957323412e+03
14 87 2.76080630978139e+03
14 86 -2.57195437211272e+03
14 85 7.63667808735953e+02
14 84 6.98837916591016e+02
14 83 -9.63405941198577e+02
14 82 -3.55236965147782e+02
14 81 1.26653270286751e+03
14 80 -1.65176735813521e+03
14 79 -8.44712722252412e+02
14 78 1.60085232703138e+03
14 77 5.44629655176712e+02
14 76 -9.45396281135207e+02
14 75 -5.54484219532215e+02
14 74 1.68552583908047e+02
14 73 7.06722865043785e+02
14 72 6.20599543788683e+02
14 12 2.37837641311858e+02
14 13 -1.73115028644673e+03
14 221 -1.36702862270499e+01
14 15 -3.68579624117776e+02
14 16 -2.06558288084007e+03
14 17 1.30986386312525e+03
14 11 7.13185999066060e+02
14 10 -1.77661624287310e+03
14 9 -7.63604348590123e+02
14 8 1.27861371975752e+03
14 7 8.11407272933205e+02
14 6 -7.41245251817336e+02
14 5 3.33078447776967e+02
14 4 -5.74226957847652e+02
14 3 1.13889527004016e+02
14 2 3.11460996618413e+02
14 1 -2.20296561387795e+02
14 0 -3.61324237118813e+02
15 15 5.11344782962065e+03
15 220 -6.33110813475540e+01
15 219 -3.01709180108766e+02
15 218 7.74654590267931e+01
15 217 -6.40673711342141e+02
15 216 1.57859152611309e+01
15 215 9.96790284730626e+01
15 214 4.30808717714124e+01
15 213 7.19196606003310e+02
15 212 3.23072943462407e+01
15 211 -2.09967581356830e+02
15 210 -6.18399526360784e+01
15 209 -1.38924736271905e+02
15 208 -2.29416185967989e+01
15 207 1.42425110718539e+01
15 206 2.27591799516695e+02
15 205 -6.03180300321112e+02
15 204 -1.37593863469284e+02
15 203 6.65587589958208e+02
15 202 1.28172460567569e+02
15 201 -3.73677366033246e+01
15 200 1.99899851507607e+02
15 199 -5.74235152478374e+01
15 198 -6.39446384040141e+01
15 197 1.26073078507922e+02
15 196 -1.73611733447239e+03
15 195 2.07416606350394e+01
15 194 1.44810863652174e+03
15 193 -3.25168943132084e+02
15 192 -5.67392747905299e+02
15 54 2.45625664729857e+02
15 55 -2.71410138623406e+02
15 56 -1.16415717387714e+02
15 57 2.90277951440317e+02
15 58 2.12838532036996e+02
15 59 -1.90176358992013e+02
15 65 5.98626850126527e+01
15 64 -9.20819759039826e+01
15 63 3.38468910680369e+01
15 62 3.98654476341243e+00
15 61 -7.23188674472866e+01
15 60 -4.60942051679372e+01
15 101 -1.49956665557354e+03
15 100 1.27442714827348e+03
15 99 -1.54324827711399e+02
15 98 -4.17702152573209e+01
15 97 2.25314529729201e+03
15 96 -1.04394854893440e+03
15 95 3.90505430029490e+03
15 94 -3.64875607356810e+03
15 93 -1.34637010553903e+03
15 92 1.70211413090005e+03
15 91 -6.45787551373929e+03
15 90 5.29991528781632e+02
15 89 -2.21977180320021e+03
15 88 2.17866835388866e+03
15 87 6.59026939592086e+02
15 86 -3.62738661219804e+02
15 85 -3.88504770545882e+01
15 84 -2.47267767601964e+01
15 83 5.10885090891274e+03
15 82 -1.78531581140725e+02
15 81 8.10312175126746e+02
15 80 -9.91629061432813e+02
15 79 -2.23349832211117e+02
15 78 3.09683474202937e+02
15 77 -1.89782968693409e+02
15 76 -3.07824746371584e+02
15 75 2.86323130634195e+02
15 74 -5.67611746187844e+02
15 73 -1.78663852641115e+03
15 72 -5.49793014745922e+02
15 12 1.29346650332782e+03
15 13 -2.20511885495357e+03
15 14 -3.68579624117776e+02
15 221 3.84548961716051e+02
15 16 -2.65044190532720e+03
15 17 7.41209308479670e+02
15 11 5.28512532912711e+02
15 10 6.79736315490570e+02
15 9 -1.75344963362114e+03
15 8 -7.63604348590101e+02
15 7 1.30224528335333e+03
15 6 -6.40171047883937e+02
15 5 1.33019982607589e+02
15 4 -6.67899970928706e+01
15 3 5.74771539842370e+01
15 2 3.07375644161481e+02
15 1 3.42776265016267e+02
15 0 3.85467115997430e+02
16 16 7.05086310713704e+03
16 220 -1.10989865015745e+02
16 219 -4.23160897178136e+02
16 218 2.07255764082710e+02
16 217 -3.44329142731494e+02
16 216 6.28804977089749e+01
16 215 1.80814958571207e+02
16 214 1.18566461733938e+02
16 213 5.34994611226112e+02
16 212 -3.95592711081835e+02
16 211 -3.67058927664120e+02
16 210 3.46263053582165e+01
16 209 8.51961013450040e+01
16 208 -4.14676386053323e+02
16 207 -6.74932090902765e+02
16 206 9.19991862583833e+02
16 205 6.10782043693730e+02
16 204 -5.26773135381687e+02
16 203 -3.05535799245142e+02
16 202 6.33189672280752e+01
16 201 -1.82228891800999e+02
16 200 9.05046661225266e+02
16 199 1.60238773171793e+02
16 198 -2.76997565917287e+03
16 197 -3.00263658581789e+01
16 196 2.28634915858310e+03
16 195 -5.72617038043484e+01
16 194 -1.27144537092713e+03
16 193 2.42366276895574e+02
16 192 3.56844256146901e+02
16 54 -1.58002264228823e+02
16 55 5.50136876173103e+01
16 56 1.33377393393572e+02
16 57 1.74594801462049e+02
16 58 7.57581174309664e+01
16 59 -1.46834151835475e+02
16 65 9.26393576520700e+01
16 64 -1.57791684828920e+02
16 63 2.59487744584883e+01
16 62 -7.23188674472922e+01
16 61 1.52236311512316e+02
16 60 -1.45289175790071e+02
16 101 6.37501106264000e+03
16 100 -3.52086940628058e+03
16 99 -7.33378452231560e+03
16 98 6.30148080302756e+03
16 97 -9.61358426611472e+03
16 96 1.58581113924370e+03
16 95 3.30082013368276e+03
16 94 -2.90087160412572e+03
16 93 4.82167876500769e+03
16 92 -2.63858294866627e+03
16 91 8.47923541944415e+03
16 90 -9.22885230668338e+02
16 89 -6.07030465158966e+02
16 88 4.68659235206400e+02
16 87 -1.79667465068714e+03
16 86 1.37977802199950e+03
16 85 -2.88675890298081e+03
16 84 9.09368979391151e+02
16 83 -4.40527442608466e+03
16 82 2.60491795659615e+02
16 81 -5.73543682205893e+01
16 80 2.00440914888685e+02
16 79 2.82722755535509e+02
16 78 -5.77295071505190e+02
16 77 1.51817082522808e+02
16 76 -9.47204254956339e+01
16 75 4.26910503194589e+02
16 74 8.33552537803149e+02
16 73 1.09161740713113e+03
16 72 2.50352387764207e+02
16 12 -1.08172335538859e+03
16 13 2.87454842646694e+03
16 14 -2.06558288084007e+03
16 15 -2.65044190532720e+03
16 221 3.84544546152046e+02
16 17 -3.09839968600246e+03
16 11 -2.31235986735202e+03
16 10 2.94850049742079e+03
16 9 6.79736315490575e+02
16 8 -1.77661624287313e+03
16 7 9.48212537285406e+02
16 6 -1.83687597489363e+02
16 5 -7.96454561001356e+01
16 4 1.12281888332201e+02
16 3 2.05787929743856e+02
16 2 -3.04691240493584e+02
16 1 -5.68534034481015e+02
16 0 -1.56061978811530e+02
17 17 2.49486519484258e+03
17 220 1.29677310676097e+01
17 219 -2.00780173220057e+02
17 218 9.70711833314392e+01
17 217 3.54275877059723e+02
17 216 -4.45679272985620e+01
17 215 4.36415625682254e+02
17 214 -4.73926726170011e+02
17 213 -4.33309168789642e+02
17 212 3.11340372835287e+02
17 211 2.55880602764233e+02
17 210 -1.99590239233334e+01
17 209 -4.94595894575066e+02
17 208 8.14362272778206e+02
17 207 2.53754911502110e+02
17 206 -7.00130220320965e+02
17 205 -2.38109885181987e+02
17 204 3.85284216493793e+02
17 203 3.36329984807879e+01
17 202 -7.00461844474946e+01
17 201 2.76928463272919e+02
17 200 -1.26415242618549e+03
17 199 -5.62257352455033e+01
17 198 1.37990626392122e+03
17 197 1.90936128819364e+01
17 196 -9.73203381847832e+02
17 195 8.98292890005196e+00
17 194 3.91733287675520e+02
17 193 -5.00386641062699e+01
17 192 -7.32438559544560e+01
17 54 2.81029411486158e+01
17 55 2.88820646893659e+01
17 56 -5.34100895005646e+01
17 57 -1.44445831136786e+02
17 58 -1.28074318209141e+02
17 59 -3.62175390504370e+01
17 65 1.94656134588394e+01
17 64 -1.13852373211323e+02
17 63 1.99645446104494e+02
17 62 -4.60942051679345e+01
17 61 -1.45289175790068e+02
17 60 1.40222239303805e+02
17 101 -4.35848698177322e+03
17 100 1.91195434653557e+03
17 99 4.59314945335164e+03
17 98 -3.69228941128639e+03
17 97 5.15629413775528e+03
17 96 -8.97915447620959e+02
17 95 -2.69162985060805e+03
17 94 2.43988418453829e+03
17 93 -3.45365354777765e+03
17 92 1.74301117838860e+03
17 91 -3.81713335994502e+03
17 90 4.18476410417563e+02
17 89 6.02185115397574e+02
17 88 -6.50507720132369e+02
17 87 1.57003000994888e+03
17 86 -1.23498755010431e+03
17 85 1.86834699944491e+03
17 84 -5.31956683638820e+02
17 83 1.49400291899269e+03
17 82 -1.21099829282711e+02
17 81 3.59853984388912e+01
17 80 6.34275988490417e+01
17 79 -2.26953844601962e+02
17 78 6.36501291715156e+02
17 77 -1.01836142370187e+02
17 76 1.09695996686831e+02
17 75 -3.31309806781932e+02
17 74 -4.12126832841255e+02
17 73 -2.53813589157774e+02
17 72 -3.16801928948353e+01
17 12 3.28973607091435e+02
17 13 -1.15703569326003e+03
17 14 1.30986386312525e+03
17 15 7.41209308479670e+02
17 16 -3.09839968600246e+03
17 221 9.91238670873768e+01
17 11 1.46804854481981e+03
17 10 -2.31235986735203e+03
17 9 5.28512532912693e+02
17 8 7.13185999066079e+02
17 7 -4.70735405872547e+02
17 6 7.57622703862079e+01
17 5 -2.60578354044610e+01
17 4 -2.13354079207581e+02
17 3 -1.92919257328712e+02
17 2 1.67168026512823e+02
17 1 2.70735401397669e+02
17 0 1.42006800367894e+01
18 18 1.15051503061948e+03
18 19 -1.01476346299765e+03
18 20 2.10852809650045e+02
18 21 4.76432129277421e+02
18 22 -4.45991046981712e+02
18 23 1.29102288967765e+02
18 130 -1.04001344742742e+02
18 129 3.03254405369601e+02
18 128 -1.62085900760492e+02
18 127 -1.82098823668754e+02
18 126 1.33421050029667e+02
18 125 -2.44416259811933e+02
18 124 3.50925929404525e+02
18 123 -7.31618536133466e+02
18 122 2.06411774521995e+02
18 121 4.24750870625961e+02
18 120 -4.10179903496944e+01
18 119 -3.32934208124478e+02
18 118 4.59272623613361e+02
18 117 -4.55369266249188e+02
18 116 -1.08267674617832e+02
18 115 5.17669516101187e+02
18 114 1.49166091860683e+02
18 113 -5.17892153596683e+02
18 112 -1.87871346592827e+02
18 111 -7.94995985433417e+01
18 110 1.52253167110533e+02
18 109 -5.34813847449523e+01
18 108 -3.30134196372554e+02
18 107 1.25667196283533e+02
18 106 7.17588325054227e+02
18 105 -1.14361210346913e+02
18 104 -9.71327635015524e+02
18 103 3.88238577708862e+02
18 102 7.92488602848104e+02
18 30 -7.45210545179454e+01
18 31 -1.69802807593135e+02
18 32 3.61324237118813e+02
18 33 -3.85467115997430e+02
18 34 1.56061978811530e+02
18 35 -1.42006800367894e+01
18 29 -2.60578354044822e+01
18 28 -7.96454561000730e+01
18 27 1.33019982607530e+02
18 26 3.33078447776932e+02
18 25 2.25291854357107e+02
18 24 5.06135979906619e+01
18 131 7.24551511482125e+01
18 436 3.15461935945550e+01
18 435 -1.82098823668719e+02
18 434 4.86777736390458e+01
18 433 3.03254405369718e+02
18 432 -1.41168504609135e+02
18 431 4.24750870625951e+02
18 430 -3.83732880276267e+02
18 429 -7.31618536133514e+02
18 428 5.25206761611513e+02
18 427 -2.44416259812141e+02
18 426 -1.06509669592562e+02
18 425 -5.17892153596712e+02
18 424 7.05763500189542e+02
18 423 5.17669516101191e+02
18 422 -6.66835607961892e+02
18 421 -4.55369266249169e+02
18 420 5.63636940867027e+02
18 419 -3.32934208124360e+02
18 418 -1.26338415488904e+02
18 417 3.88238577708849e+02
18 416 -1.18072718055698e+03
18 415 -1.14361210346906e+02
18 414 1.08568884536246e+03
18 413 1.25667196283535e+02
18 412 -8.43255521337765e+02
18 411 -5.34813847449580e+01
18 410 3.83615581117479e+02
18 409 -7.94995985433431e+01
18 408 -7.27535685671955e+01
18 299 -5.06135979906749e+01
18 298 -2.25291854357061e+02
18 297 -3.33078447776967e+02
18 296 -1.33019982607589e+02
18 295 7.96454561001355e+01
18 294 2.60578354044610e+01
18 293 -1.42006800367737e+01
18 292 1.56061978811514e+02
18 291 -3.85467115997451e+02
18 290 3.61324237118824e+02
18 289 -1.69802807593127e+02
18 288 -7.45210545179519e+01
18 437 7.24551511481716e+01
19 19 2.63724636087275e+03
19 18 -1.01476346299765e+03
19 20 -9.70009726558895e+02
19 21 -6.88752638587845e+02
19 22 1.13315128145792e+03
19 23 -4.45991046981712e+02
