252 647 252 647
252 252 1.15051503061948e+03
252 616 -3.15461935945549e+01
252 615 1.82098823668719e+02
252 614 -4.86777736390458e+01
252 613 -3.03254405369718e+02
252 612 1.41168504609135e+02
252 611 -4.24750870625951e+02
252 610 3.83732880276268e+02
252 609 7.31618536133515e+02
252 608 -5.25206761611513e+02
252 607 2.44416259812141e+02
252 606 1.06509669592562e+02
252 605 5.17892153596712e+02
252 604 -7.05763500189543e+02
252 603 -5.17669516101192e+02
252 602 6.66835607961892e+02
252 601 4.55369266249169e+02
252 600 -5.63636940867027e+02
252 599 3.32934208124360e+02
252 598 1.26338415488904e+02
252 597 -3.88238577708849e+02
252 596 1.18072718055698e+03
252 595 1.14361210346906e+02
252 594 -1.08568884536246e+03
252 593 -1.25667196283535e+02
252 592 8.43255521337766e+02
252 591 5.34813847449580e+01
252 590 -3.83615581117479e+02
252 589 7.94995985433431e+01
252 588 7.27535685671956e+01
252 336 -5.06135979906749e+01
252 337 -2.25291854357061e+02
252 338 -3.33078447776967e+02
252 339 -1.33019982607589e+02
252 340 7.96454561001355e+01
252 341 2.60578354044610e+01
252 377 -7.24551511482125e+01
252 376 1.04001344742742e+02
252 375 -3.03254405369601e+02
252 374 1.62085900760492e+02
252 373 1.82098823668755e+02
252 372 -1.33421050029667e+02
252 371 2.44416259811934e+02
252 370 -3.50925929404525e+02
252 369 7.31618536133466e+02
252 368 -2.06411774521995e+02
252 367 -4.24750870625961e+02
252 366 4.10179903496944e+01
252 365 3.32934208124478e+02
252 364 -4.59272623613361e+02
252 363 4.55369266249188e+02
252 362 1.08267674617833e+02
252 361 -5.17669516101188e+02
252 360 -1.49166091860683e+02
252 359 5.17892153596683e+02
252 358 1.87871346592827e+02
252 357 7.94995985433417e+01
252 356 -1.52253167110533e+02
252 355 5.34813847449524e+01
252 354 3.30134196372554e+02
252 353 -1.25667196283533e+02
252 352 -7.17588325054227e+02
252 351 1.14361210346913e+02
252 350 9.71327635015523e+02
252 349 -3.88238577708862e+02
252 348 -7.92488602848104e+02
252 264 7.45210545179455e+01
252 265 1.69802807593135e+02
252 266 -3.61324237118813e+02
252 267 3.85467115997430e+02
252 268 -1.56061978811530e+02
252 269 1.42006800367894e+01
252 263 2.60578354044822e+01
252 262 7.96454561000729e+01
252 261 -1.33019982607530e+02
252 260 -3.33078447776932e+02
252 259 -2.25291854357108e+02
252 258 -5.06135979906619e+01
252 257 1.29102288967765e+02
252 256 -4.45991046981712e+02
252 255 4.76432129277421e+02
252 254 2.10852809650045e+02
252 253 -1.01476346299765e+03
252 617 -7.24551511481716e+01
252 60 1.42006800367737e+01
252 61 -1.56061978811514e+02
252 62 3.85467115997451e+02
252 63 -3.61324237118824e+02
252 64 1.69802807593126e+02
252 65 7.45210545179521e+01
253 253 2.63724636087275e+03
253 616 3.05490678689759e+02
253 615 1.00065092872727e+03
253 614 -7.48337835411305e+02
253 613 4.76015725605742e+02
253 612 -1.55324677148107e+02
253 611 -8.24923346261155e+02
253 610 5.49146383029485e+02
253 609 -9.83070129224519e+02
253 608 7.00000702341771e+02
253 607 -3.07696590773272e+02
253 606 -1.61288358040809e+02
253 605 6.29294115743868e+02
253 604 -4.40138870437415e+02
253 603 1.37963798800304e+03
253 602 -1.16960336222569e+03
253 601 -1.01196986131942e+03
253 600 9.56157187399766e+02
253 599 -6.50365934739766e+02
253 598 -2.04255336492839e+02
253 597 9.54197201839257e+01
253 596 -6.17198302988464e+02
253 595 -3.82309265728501e+02
253 594 2.21413513405177e+03
253 593 2.89651660221676e+02
253 592 -1.93345488203973e+03
253 591 -1.08085958027210e+02
253 590 1.19390940262550e+03
253 589 -3.24993097862589e+02
253 588 -3.26828899017214e+02
253 336 2.13514806566306e+02
253 337 4.95304562829081e+02
253 338 5.74226957847652e+02
253 339 6.67899970928707e+01
253 340 -1.12281888332201e+02
253 341 2.13354079207580e+02
253 377 -6.83170487064543e+02
253 376 3.77679808374785e+02
253 375 4.76015725605665e+02
253 374 -3.20691048457573e+02
253 373 1.00065092872722e+03
253 372 -2.52313093315973e+02
253 371 -3.07696590773147e+02
253 370 4.68984948813971e+02
253 369 -9.83070129224530e+02
253 368 2.83069426882771e+02
253 367 -8.24923346261140e+02
253 366 2.75776963231662e+02
253 365 -6.50365934739780e+02
253 364 8.54621271232625e+02
253 363 -1.01196986131939e+03
253 362 5.58126739196494e+01
253 361 1.37963798800306e+03
253 360 -2.10034625777374e+02
253 359 6.29294115743877e+02
253 358 -1.89155245306445e+02
253 357 -3.24993097862601e+02
253 356 6.51821996879790e+02
253 355 -1.08085958027185e+02
253 354 -1.08582344459830e+03
253 353 2.89651660221667e+02
253 352 1.64380322181804e+03
253 351 -3.82309265728504e+02
253 350 -1.83182586832323e+03
253 349 9.54197201839625e+01
253 348 5.21778582804507e+02
253 264 -5.15332637494072e+01
253 265 -1.52527869332146e+02
253 266 -2.20296561387795e+02
253 267 3.42776265016267e+02
253 268 -5.68534034481015e+02
253 269 2.70735401397669e+02
253 263 2.13354079207577e+02
253 262 -1.12281888332169e+02
253 261 6.67899970928429e+01
253 260 5.74226957847623e+02
253 259 4.95304562829089e+02
253 258 2.13514806566307e+02
253 257 -4.45991046981712e+02
253 256 1.13315128145792e+03
253 255 -6.88752638587845e+02
253 254 -9.70009726558895e+02
253 617 -6.83170487064536e+02
253 252 -1.01476346299765e+03
253 60 2.70735401397674e+02
253 61 -5.68534034481038e+02
253 62 3.42776265016249e+02
253 63 -2.20296561387782e+02
253 64 -1.52527869332142e+02
253 65 -5.15332637494054e+01
254 254 1.75527934781679e+03
254 616 1.89756054686545e+02
254 615 5.59288996887432e+02
254 614 -3.70716330805094e+02
254 613 5.78849962437308e+02
254 612 -1.08502652100059e+02
254 611 -7.77698557830251e+02
254 610 7.43820624031232e+02
254 609 -9.12453331476458e+02
254 608 2.65067282065542e+02
254 607 6.19853121487143e-01
254 606 5.80637808398732e+01
254 605 4.65974737376093e+02
254 604 -3.31956235901183e+02
254 603 -1.78756575570176e+02
254 602 -6.45910696186376e+01
254 601 7.31594326561654e+02
254 600 -2.60111615537156e+02
254 599 3.37621846313489e+02
254 598 6.21310235406507e+00
254 597 -6.84078422468741e+00
254 596 -1.23221169740500e+02
254 595 2.63682874562905e+02
254 594 -2.43441561459749e+02
254 593 -4.39733684897384e+02
254 592 1.32521544805011e+03
254 591 1.94449671597838e+02
254 590 -1.29954928907419e+03
254 589 4.20591372860757e+02
254 588 5.01856742542190e+02
254 336 -3.01295389530338e+02
254 337 -3.90716184014003e+02
254 338 -1.13889527004016e+02
254 339 -5.74771539842369e+01
254 340 -2.05787929743856e+02
254 341 1.92919257328712e+02
254 377 -4.86226112558315e+02
254 376 2.96470057871798e+02
254 375 5.78849962437264e+02
254 374 -4.70347310337223e+02
254 373 5.59288996887431e+02
254 372 -1.88572666082348e+02
254 371 6.19853121585450e-01
254 370 -5.86836339614513e+01
254 369 -9.12453331476382e+02
254 368 6.47386049410903e+02
254 367 -7.77698557830322e+02
254 366 3.38779337990211e+01
254 365 3.37621846313388e+02
254 364 -3.43834948667467e+02
254 363 7.31594326561604e+02
254 362 -4.71482711024481e+02
254 361 -1.78756575570183e+02
254 360 2.43347645188813e+02
254 359 4.65974737376152e+02
254 358 -1.34018501474920e+02
254 357 4.20591372860755e+02
254 356 -9.22448115402975e+02
254 355 1.94449671597824e+02
254 354 1.10509961747637e+03
254 353 -4.39733684897371e+02
254 352 -8.85481763152745e+02
254 351 2.63682874562887e+02
254 350 -2.02413131031430e+01
254 349 -6.84078422469277e+00
254 348 1.30061953965173e+02
254 264 -3.61276667488402e+01
254 265 -3.51768811487989e+02
254 266 3.11460996618413e+02
254 267 3.07375644161481e+02
254 268 -3.04691240493584e+02
254 269 1.67168026512823e+02
254 263 1.92919257328696e+02
254 262 -2.05787929743825e+02
254 261 -5.74771539842814e+01
254 260 -1.13889527004019e+02
254 259 -3.90716184013979e+02
254 258 -3.01295389530350e+02
254 257 4.76432129277421e+02
254 256 -6.88752638587845e+02
254 255 -4.48130445627804e+02
254 617 -4.86226112558359e+02
254 253 -9.70009726558895e+02
254 252 2.10852809650045e+02
254 60 1.67168026512834e+02
254 61 -3.04691240493583e+02
254 62 3.07375644161444e+02
254 63 3.11460996618404e+02
254 64 -3.51768811487972e+02
254 65 -3.61276667488482e+01
255 255 1.75527934781679e+03
255 616 -2.96470057871798e+02
255 615 -5.78849962437265e+02
255 614 4.70347310337223e+02
255 613 -5.59288996887431e+02
255 612 1.88572666082348e+02
255 611 -6.19853121585606e-01
255 610 5.86836339614513e+01
255 609 9.12453331476383e+02
255 608 -6.47386049410903e+02
255 607 7.77698557830323e+02
255 606 -3.38779337990212e+01
255 605 -3.37621846313387e+02
255 604 3.43834948667466e+02
255 603 -7.31594326561604e+02
255 602 4.71482711024482e+02
255 601 1.78756575570183e+02
255 600 -2.43347645188813e+02
255 599 -4.65974737376152e+02
255 598 1.34018501474920e+02
255 597 -4.20591372860755e+02
255 596 9.22448115402975e+02
255 595 -1.94449671597824e+02
255 594 -1.10509961747637e+03
255 593 4.39733684897370e+02
255 592 8.85481763152745e+02
255 591 -2.63682874562886e+02
255 590 2.02413131031436e+01
255 589 6.84078422469246e+00
255 588 -1.30061953965173e+02
255 336 3.61276667488403e+01
255 337 3.51768811487989e+02
255 338 -3.11460996618414e+02
255 339 -3.07375644161481e+02
255 340 3.04691240493585e+02
255 341 -1.67168026512823e+02
255 377 4.86226112558359e+02
255 376 -1.89756054686546e+02
255 375 -5.59288996887433e+02
255 374 3.70716330805094e+02
255 373 -5.78849962437309e+02
255 372 1.08502652100059e+02
255 371 7.77698557830252e+02
255 370 -7.43820624031233e+02
255 369 9.12453331476458e+02
255 368 -2.65067282065543e+02
255 367 -6.19853121487087e-01
255 366 -5.80637808398732e+01
255 365 -4.65974737376093e+02
255 364 3.31956235901183e+02
255 363 1.78756575570175e+02
255 362 6.45910696186382e+01
255 361 -7.31594326561654e+02
255 360 2.60111615537156e+02
255 359 -3.37621846313488e+02
255 358 -6.21310235406517e+00
255 357 6.84078422468694e+00
255 356 1.23221169740501e+02
255 355 -2.63682874562905e+02
255 354 2.43441561459748e+02
255 353 4.39733684897384e+02
255 352 -1.32521544805011e+03
255 351 -1.94449671597838e+02
255 350 1.29954928907419e+03
255 349 -4.20591372860757e+02
255 348 -5.01856742542190e+02
255 264 3.01295389530339e+02
255 265 3.90716184014003e+02
255 266 1.13889527004015e+02
255 267 5.74771539842370e+01
255 268 2.05787929743856e+02
255 269 -1.92919257328712e+02
255 263 -1.67168026512834e+02
255 262 3.04691240493584e+02
255 261 -3.07375644161444e+02
255 260 -3.11460996618404e+02
255 259 3.51768811487972e+02
255 258 3.61276667488484e+01
255 257 2.10852809650045e+02
255 256 -9.70009726558895e+02
255 617 4.86226112558315e+02
255 254 -4.48130445627804e+02
255 253 -6.88752638587845e+02
255 252 4.76432129277421e+02
255 60 -1.92919257328696e+02
255 61 2.05787929743826e+02
255 62 5.74771539842817e+01
255 63 1.13889527004019e+02
255 64 3.90716184013979e+02
255 65 3.01295389530350e+02
256 256 2.63724636087275e+03
256 616 -3.77679808374785e+02
256 615 -4.76015725605665e+02
256 614 3.20691048457573e+02
256 613 -1.00065092872722e+03
256 612 2.52313093315973e+02
256 611 3.07696590773147e+02
256 610 -4.68984948813971e+02
256 609 9.83070129224530e+02
256 608 -2.83069426882771e+02
256 607 8.24923346261140e+02
256 606 -2.75776963231662e+02
256 605 6.50365934739779e+02
256 604 -8.54621271232625e+02
256 603 1.01196986131939e+03
256 602 -5.58126739196499e+01
256 601 -1.37963798800306e+03
256 600 2.10034625777374e+02
256 599 -6.29294115743878e+02
256 598 1.89155245306446e+02
256 597 3.24993097862601e+02
256 596 -6.51821996879790e+02
256 595 1.08085958027184e+02
256 594 1.08582344459830e+03
256 593 -2.89651660221667e+02
256 592 -1.64380322181804e+03
256 591 3.82309265728504e+02
256 590 1.83182586832323e+03
256 589 -9.54197201839619e+01
256 588 -5.21778582804506e+02
256 336 5.15332637494068e+01
256 337 1.52527869332146e+02
256 338 2.20296561387795e+02
256 339 -3.42776265016267e+02
256 340 5.68534034481016e+02
256 341 -2.70735401397669e+02
256 377 6.83170487064536e+02
256 376 -3.05490678689759e+02
256 375 -1.00065092872727e+03
256 374 7.48337835411305e+02
256 373 -4.76015725605742e+02
256 372 1.55324677148107e+02
256 371 8.24923346261156e+02
256 370 -5.49146383029486e+02
256 369 9.83070129224518e+02
256 368 -7.00000702341771e+02
256 367 3.07696590773271e+02
256 366 1.61288358040809e+02
256 365 -6.29294115743870e+02
256 364 4.40138870437417e+02
256 363 -1.37963798800304e+03
256 362 1.16960336222569e+03
256 361 1.01196986131942e+03
256 360 -9.56157187399765e+02
256 359 6.50365934739765e+02
256 358 2.04255336492839e+02
256 357 -9.54197201839249e+01
256 356 6.17198302988463e+02
256 355 3.82309265728501e+02
256 354 -2.21413513405177e+03
256 353 -2.89651660221675e+02
256 352 1.93345488203973e+03
256 351 1.08085958027210e+02
256 350 -1.19390940262550e+03
256 349 3.24993097862589e+02
256 348 3.26828899017214e+02
256 264 -2.13514806566307e+02
256 265 -4.95304562829081e+02
256 266 -5.74226957847652e+02
256 267 -6.67899970928706e+01
256 268 1.12281888332201e+02
256 269 -2.13354079207581e+02
256 263 -2.70735401397674e+02
256 262 5.68534034481038e+02
256 261 -3.42776265016250e+02
256 260 2.20296561387782e+02
256 259 1.52527869332143e+02
256 258 5.15332637494049e+01
256 257 -1.01476346299765e+03
256 617 6.83170487064543e+02
256 255 -9.70009726558895e+02
256 254 -6.88752638587845e+02
256 253 1.13315128145792e+03
256 252 -4.45991046981712e+02
256 60 -2.13354079207577e+02
256 61 1.12281888332169e+02
256 62 -6.67899970928428e+01
256 63 -5.74226957847623e+02
256 64 -4.95304562829088e+02
256 65 -2.13514806566307e+02
257 257 1.15051503061948e+03
257 616 -1.04001344742742e+02
257 615 3.03254405369601e+02
257 614 -1.62085900760492e+02
257 613 -1.82098823668754e+02
257 612 1.33421050029667e+02
257 611 -2.44416259811933e+02
257 610 3.50925929404525e+02
257 609 -7.31618536133466e+02
257 608 2.06411774521995e+02
257 607 4.24750870625961e+02
257 606 -4.10179903496944e+01
257 605 -3.32934208124478e+02
257 604 4.59272623613361e+02
257 603 -4.55369266249188e+02
257 602 -1.08267674617832e+02
257 601 5.17669516101187e+02
257 600 1.49166091860682e+02
257 599 -5.17892153596682e+02
257 598 -1.87871346592827e+02
257 597 -7.94995985433417e+01
257 596 1.52253167110533e+02
257 595 -5.34813847449523e+01
257 594 -3.30134196372554e+02
257 593 1.25667196283533e+02
257 592 7.17588325054227e+02
257 591 -1.14361210346913e+02
257 590 -9.71327635015524e+02
257 589 3.88238577708861e+02
257 588 7.92488602848104e+02
257 336 -7.45210545179453e+01
257 337 -1.69802807593135e+02
257 338 3.61324237118813e+02
257 339 -3.85467115997430e+02
257 340 1.56061978811530e+02
257 341 -1.42006800367894e+01
257 377 7.24551511481718e+01
257 376 3.15461935945549e+01
257 375 -1.82098823668719e+02
257 374 4.86777736390459e+01
257 373 3.03254405369718e+02
257 372 -1.41168504609135e+02
257 371 4.24750870625951e+02
257 370 -3.83732880276267e+02
257 369 -7.31618536133514e+02
257 368 5.25206761611512e+02
257 367 -2.44416259812141e+02
257 366 -1.06509669592562e+02
257 365 -5.17892153596711e+02
257 364 7.05763500189542e+02
257 363 5.17669516101191e+02
257 362 -6.66835607961891e+02
257 361 -4.55369266249169e+02
257 360 5.63636940867027e+02
257 359 -3.32934208124360e+02
257 358 -1.26338415488904e+02
257 357 3.88238577708849e+02
257 356 -1.18072718055698e+03
257 355 -1.14361210346906e+02
257 354 1.08568884536246e+03
257 353 1.25667196283535e+02
257 352 -8.43255521337765e+02
257 351 -5.34813847449579e+01
257 350 3.83615581117479e+02
257 349 -7.94995985433432e+01
257 348 -7.27535685671955e+01
257 264 5.06135979906749e+01
257 265 2.25291854357061e+02
257 266 3.33078447776966e+02
257 267 1.33019982607589e+02
257 268 -7.96454561001355e+01
257 269 -2.60578354044611e+01
257 263 -1.42006800367737e+01
257 262 1.56061978811514e+02
257 261 -3.85467115997451e+02
257 260 3.61324237118824e+02
257 259 -1.69802807593127e+02
257 258 -7.45210545179518e+01
257 617 7.24551511482125e+01
257 256 -1.01476346299765e+03
257 255 2.10852809650045e+02
257 254 4.76432129277421e+02
257 253 -4.45991046981712e+02
257 252 1.29102288967765e+02
257 60 -2.60578354044822e+01
257 61 -7.96454561000730e+01
257 62 1.33019982607530e+02
257 63 3.33078447776932e+02
257 64 2.25291854357107e+02
257 65 5.06135979906619e+01
258 258 2.70068622301601e+03
258 556 -9.12978189119311e+02
258 555 -1.60066434330698e+03
258 554 1.39584316467357e+03
258 553 -1.24621144862945e+03
258 552 3.06515868831289e+02
258 551 1.17384310632021e+03
258 550 -1.07068246739433e+03
258 549 9.86406862185461e+02
258 548 -4.97490795352801e+02
258 547 7.24967258037994e+02
258 546 -5.46663776050682e+01
258 545 -4.70682730903931e+02
258 544 4.43428530287766e+02
258 543 -5.64340661352655e+02
258 542 3.18031905309383e+02
258 541 -4.77185360273023e+02
258 540 -7.78684703689448e+00
258 539 -1.53890578251734e+02
258 538 -6.35776896736332e+01
258 537 8.33338635991281e+01
258 536 -1.17709760257305e+02
258 535 1.04370235913502e+02
258 534 -2.17241884645958e+02
258 533 4.10344530588111e+01
258 532 3.35534746518505e+01
258 531 7.79827116121996e+01
258 530 2.06741774320799e+02
258 529 -1.56841058578790e+01
258 528 7.19775208257778e+01
258 335 2.29940688351511e+01
258 334 -1.49941411719872e+02
258 333 2.57435281401283e+02
258 332 3.31269845969100e+01
258 331 -4.62491835991686e+02
258 330 3.35739501124529e+02
258 312 -1.94656134588394e+01
258 313 -9.26393576520701e+01
258 314 -5.98626850126528e+01
258 315 6.75135870485676e+01
258 316 9.55643460743985e+01
258 317 2.10538640418359e+01
258 377 -3.25213006384034e+02
258 376 1.81898184352815e+02
258 375 1.06847583465306e+03
258 374 -9.31299562479438e+02
258 373 5.45399754148054e+02
258 372 8.66689558872389e+01
258 371 -2.56779803525091e+03
258 370 2.38709608806863e+03
258 369 1.18622001772376e+02
258 368 -5.92142147234234e+02
258 367 1.45021595996979e+03
258 366 -4.83766296209044e+01
258 365 3.74404754566561e+03
258 364 -3.58286553372569e+03
258 363 -1.34632243670449e+03
258 362 1.41324869270531e+03
258 361 -4.78776653777337e+02
258 360 -3.87988347892731e+02
258 359 1.14342738544288e+03
258 358 -1.12063060156183e+01
258 357 -2.97571111214628e+03
258 356 3.22208907854134e+03
258 355 9.95301570645505e+02
258 354 -1.51519258852651e+03
258 353 -1.29473340628520e+02
258 352 9.02366441943830e+02
258 351 -3.34353973783010e+02
258 350 -1.97211211475101e+02
258 349 3.85321612137577e+02
258 348 -1.66247399019430e+01
258 264 -1.34135238809748e+02
258 265 -4.45065281874936e+02
258 266 -7.41245251817336e+02
258 267 -6.40171047883937e+02
258 268 -1.83687597489363e+02
258 269 7.57622703862079e+01
258 263 3.28973607091447e+02
258 262 -1.08172335538860e+03
258 261 1.29346650332778e+03
258 260 2.37837641311858e+02
258 259 -2.43590850060111e+03
258 557 1.42359341886413e+03
258 257 -7.45210545179518e+01
258 256 5.15332637494049e+01
258 255 3.61276667488484e+01
258 254 -3.01295389530350e+02
258 253 2.13514806566307e+02
258 252 -5.06135979906619e+01
259 259 6.58205463329157e+03
259 556 8.60771318310666e+02
259 555 3.07895794297154e+03
259 554 -2.67091937130033e+03
259 553 1.46473243630306e+03
259 552 -3.34841596097027e+02
259 551 -2.65889922617726e+03
259 550 2.43380261514889e+03
259 549 -1.39080742135393e+03
259 548 4.66844996126025e+02
259 547 -5.86539329481515e+02
259 546 2.17323272585802e+02
259 545 1.43678314411289e+03
259 544 -1.39220894304797e+03
259 543 8.60305887410381e+02
259 542 -3.36266276159474e+02
259 541 5.73504166116557e+02
259 540 9.10787066286520e+00
259 539 -6.19014799706354e+01
259 538 -1.35913803587467e+02
259 537 -3.74778302280070e+02
259 536 5.51134920421106e+02
259 535 -1.31019631350875e+02
259 534 2.74225981769868e+02
259 533 -6.32042562774512e+01
259 532 -3.79959223577547e+01
259 531 -9.68012592252525e+01
259 530 -1.97564610072280e+02
259 529 9.19328765239537e+01
259 528 1.74260886201851e+02
259 335 3.52579689658598e+01
259 334 4.47393113443889e+01
259 333 -2.78136293478292e+02
259 332 7.24052656497980e+01
259 331 5.87322507741266e+02
259 330 -4.93546137332864e+02
259 312 1.13852373211323e+02
259 313 1.57791684828921e+02
259 314 9.20819759039828e+01
259 315 -8.96240803890056e+01
259 316 -6.30453247435035e+01
259 317 9.55643460743769e+01
259 377 1.68462336510747e+03
259 376 -9.63794492334898e+02
259 375 -3.69218014223307e+03
259 374 3.22684787707287e+03
259 373 -2.42042554898680e+03
259 372 5.56184340883451e+01
259 371 6.29138253723165e+03
259 370 -5.82392633894816e+03
259 369 1.01807460777105e+03
259 368 5.09541390113847e+02
259 367 -2.04146810247589e+03
259 366 5.18690772136693e+01
259 365 -7.59170178260456e+03
259 364 7.41134747904036e+03
259 363 6.02346350393170e+02
259 362 -1.46599334931548e+03
259 361 5.11759543221153e+02
259 360 5.28630585822011e+02
259 359 -8.92446424945954e+02
259 358 -4.09563088048712e+01
259 357 1.87089311365957e+03
259 356 -1.41325561037191e+03
259 355 -9.94091569963401e+02
259 354 -1.50372931375453e+02
259 353 9.84808830817755e+02
259 352 3.46043186076660e+01
259 351 -7.08500514789412e+02
259 350 -4.28965992939588e+02
259 349 8.50792002283450e+02
259 348 1.93180929509440e+02
259 264 -4.45065281874936e+02
259 265 2.02890901180917e+02
259 266 8.11407272933205e+02
259 267 1.30224528335333e+03
259 268 9.48212537285406e+02
259 269 -4.70735405872547e+02
259 263 -1.15703569326005e+03
259 262 2.87454842646695e+03
259 261 -2.20511885495346e+03
259 260 -1.73115028644673e+03
259 557 -1.60120001779908e+03
259 258 -2.43590850060111e+03
259 257 -1.69802807593127e+02
259 256 1.52527869332143e+02
259 255 3.51768811487972e+02
259 254 -3.90716184013979e+02
259 253 4.95304562829089e+02
259 252 -2.25291854357108e+02
260 260 5.05977353819434e+03
260 556 3.17882431813300e+01
260 555 -4.37190971936656e+02
260 554 1.83456352389543e+02
260 553 -9.55370655271943e+00
260 552 -1.11582976208770e+02
260 551 2.00258685799462e+03
260 550 -1.79745441685572e+03
260 549 1.66504273267915e+02
260 548 1.84601036245474e+02
260 547 -6.47204093774791e+02
260 546 1.02305892856968e+02
260 545 -1.64522421126422e+03
260 544 1.59140916173628e+03
260 543 1.82544809993830e+01
260 542 -3.33442108577306e+02
260 541 -9.82746538654333e+01
260 540 4.05722550098250e+02
260 539 3.40066347097189e+02
260 538 -1.11494252045609e+02
260 537 6.03018778931911e+02
260 536 -8.77816647528451e+02
260 535 -9.73180427908768e+01
260 534 1.72249182357444e+02
260 533 6.52627849751225e+01
260 532 -1.95785447054684e+02
260 531 2.14728986401435e+01
260 530 -2.65062455873654e+02
260 529 -1.04428733104575e+02
260 528 1.18099019331674e+02
260 335 -7.66879591506735e+01
260 334 1.71194290287763e+02
260 333 -8.92688716382007e+01
260 332 -2.85728351525780e+02
260 331 5.39592037501218e+01
260 330 7.87533130581097e+01
260 312 -1.99645446104495e+02
260 313 -2.59487744584885e+01
260 314 -3.38468910680370e+01
260 315 -1.18947798780445e+02
260 316 -8.96240803890315e+01
260 317 6.75135870485926e+01
260 377 -2.44152519521109e+03
260 376 1.53271796132336e+03
260 375 4.05679468150117e+03
260 374 -3.70393162141654e+03
260 373 4.14846082062699e+03
260 372 -5.06234554150904e+02
260 371 -4.59213895287228e+03
260 370 4.55864368685095e+03
260 369 -2.96679107409156e+03
260 368 8.89428623448396e+02
260 367 -1.03944666591756e+03
260 366 1.65387112722780e+02
260 365 -9.63405941198529e+02
260 364 1.31864290634632e+03
260 363 7.63667808735961e+02
260 362 -1.46250572532697e+03
260 361 2.76080630978146e+03
260 360 -1.88851937668726e+02
260 359 -2.47828136241641e+03
260 358 -4.22082108176707e+01
260 357 7.06722865043762e+02
260 356 -1.32732240883247e+03
260 355 -5.54484219532184e+02
260 354 3.85931635624167e+02
260 353 5.44629655176691e+02
260 352 4.00766625958483e+02
260 351 -8.44712722252401e+02
260 350 -7.56139604778915e+02
260 349 1.26653270286754e+03
260 348 3.85234655267642e+02
260 264 -7.41245251817347e+02
260 265 8.11407272933214e+02
260 266 1.27861371975752e+03
260 267 -7.63604348590101e+02
260 268 -1.77661624287313e+03
260 269 7.13185999066079e+02
260 263 1.30986386312526e+03
260 262 -2.06558288084007e+03
260 261 -3.68579624117808e+02
260 557 1.96723547162396e+02
260 259 -1.73115028644673e+03
260 258 2.37837641311858e+02
260 257 3.61324237118824e+02
260 256 2.20296561387782e+02
260 255 -3.11460996618404e+02
260 254 -1.13889527004019e+02
260 253 5.74226957847623e+02
260 252 -3.33078447776932e+02
261 261 5.11344782962052e+03
261 556 -5.67392747905305e+02
261 555 -1.46885029715679e+03
261 554 1.44810863652176e+03
261 553 -7.93760050525755e+02
261 552 1.28172460567570e+02
261 551 1.61004425596445e+03
261 550 -1.73611733447237e+03
261 549 7.40774163790419e+02
261 548 -1.37593863469298e+02
261 547 2.71807533992865e+02
261 546 -6.18399526360746e+01
261 545 1.21368153651841e+02
261 544 -6.39446384040080e+01
261 543 -2.41834310588547e+02
261 542 2.27591799516685e+02
261 541 -7.51503900349566e+02
261 540 3.23072943462566e+01
261 539 6.24887796081060e+02
261 538 1.57859152611133e+01
261 537 -1.62532114904269e+02
261 536 1.99899851507596e+02
261 535 1.61866354868695e+02
261 534 -2.29416185967778e+01
261 533 -1.42759900244476e+02
261 532 4.30808717713902e+01
261 531 2.24243721081979e+02
261 530 7.74654590267739e+01
261 529 -3.21237880368520e+02
261 528 -6.33110813475317e+01
261 335 -1.90176358992028e+02
261 334 2.12838532037021e+02
261 333 2.90277951440307e+02
261 332 -1.16415717387727e+02
261 331 -2.71410138623391e+02
261 330 2.45625664729853e+02
261 312 4.60942051679346e+01
261 313 7.23188674472923e+01
261 314 -3.98654476341258e+00
261 315 -3.38468910680507e+01
261 316 9.20819759039761e+01
261 317 -5.98626850126409e+01
261 377 -1.49956665557349e+03
261 376 2.25139507300043e+02
261 375 2.25314529729201e+03
261 374 -1.20919674835764e+03
261 373 -1.54324827711410e+02
261 372 1.96095042968729e+02
261 371 -6.45787551373902e+03
261 370 5.92788398495743e+03
261 369 -1.34637010553908e+03
261 368 -3.55744025360945e+02
261 367 3.90505430029493e+03
261 366 -2.56298226726823e+02
261 365 5.10885090891251e+03
261 364 -4.93031932777183e+03
261 363 -3.88504770545948e+01
261 362 6.35772538148054e+01
261 361 6.59026939592106e+02
261 360 -2.96288278372346e+02
261 359 -2.21977180320027e+03
261 358 4.11034493116016e+01
261 357 -1.78663852641113e+03
261 356 2.33643154115708e+03
261 355 2.86323130634201e+02
261 354 2.81288615553593e+02
261 353 -1.89782968693411e+02
261 352 4.97607715064994e+02
261 351 -2.23349832211123e+02
261 350 -8.63336419917185e+01
261 349 8.10312175126782e+02
261 348 1.81316886305944e+02
261 264 -6.40171047883949e+02
261 265 1.30224528335339e+03
261 266 -7.63604348590123e+02
261 267 -1.75344963362114e+03
261 268 6.79736315490575e+02
261 269 5.28512532912693e+02
261 263 7.41209308479658e+02
261 262 -2.65044190532717e+03
261 557 8.92561691037382e+02
261 260 -3.68579624117808e+02
261 259 -2.20511885495346e+03
261 258 1.29346650332778e+03
261 257 -3.85467115997451e+02
261 256 -3.42776265016250e+02
261 255 -3.07375644161444e+02
261 254 -5.74771539842814e+01
261 253 6.67899970928429e+01
261 252 -1.33019982607530e+02
262 262 7.05086310713710e+03
262 556 3.56844256146893e+02
262 555 1.32870707473148e+03
262 554 -1.27144537092714e+03
262 553 2.42216832017035e+02
262 552 6.33189672280813e+01
262 551 -2.25632279272487e+03
262 550 2.28634915858305e+03
262 549 -8.40089083120509e+01
262 548 -5.26773135381659e+02
262 547 3.32432622305944e+02
262 546 3.46263053582029e+01
262 545 2.60973688600102e+03
262 544 -2.76997565917281e+03
262 543 -2.45059771681067e+02
262 542 9.19991862583837e+02
262 541 -1.39401900144281e+02
262 540 -3.95592711081857e+02
262 539 2.81448645022498e+02
262 538 6.28804977089903e+01
262 537 -7.22817769424257e+02
262 536 9.05046661225250e+02
262 535 3.29480284708319e+02
262 534 -4.14676386053317e+02
262 533 -2.99381420305143e+02
262 532 1.18566461733928e+02
262 531 2.15905133095431e+02
262 530 2.07255764082735e+02
262 529 -2.73554681136302e+02
262 528 -1.10989865015780e+02
262 335 -1.46834151835471e+02
262 334 7.57581174309443e+01
262 333 1.74594801462069e+02
262 332 1.33377393393575e+02
262 331 5.50136876172976e+01
262 330 -1.58002264228815e+02
262 312 1.45289175790068e+02
262 313 -1.52236311512316e+02
262 314 7.23188674472868e+01
262 315 -2.59487744584823e+01
262 316 1.57791684828933e+02
262 317 -9.26393576520911e+01
262 377 6.37501106264005e+03
262 376 -2.85414165635946e+03
262 375 -9.61358426611491e+03
262 374 8.02777312687119e+03
262 373 -7.33378452231557e+03
262 372 1.03230371928803e+03
262 371 8.47923541944422e+03
262 370 -7.55635018877585e+03
262 369 4.82167876500782e+03
262 368 -2.18309581634154e+03
262 367 3.30082013368273e+03
262 366 -3.99948529557016e+02
262 365 -4.40527442608473e+03
262 364 4.14478263042509e+03
262 363 -2.88675890298081e+03
262 362 1.97738992358967e+03
262 361 -1.79667465068720e+03
262 360 4.16896628687708e+02
262 359 -6.07030465158908e+02
262 358 1.38371229952511e+02
262 357 1.09161740713118e+03
262 356 -1.34196979489535e+03
262 355 4.26910503194556e+02
262 354 -1.26046304099776e+03
262 353 1.51817082522823e+02
262 352 -5.70966570271907e+01
262 351 2.82722755535491e+02
262 350 2.94572315969601e+02
262 349 -5.73543682206257e+01
262 348 -1.43086546667975e+02
262 264 -1.83687597489338e+02
262 265 9.48212537285350e+02
262 266 -1.77661624287310e+03
262 267 6.79736315490569e+02
262 268 2.94850049742079e+03
262 269 -2.31235986735203e+03
262 263 -3.09839968600248e+03
262 557 -5.99210533042453e+02
262 261 -2.65044190532717e+03
262 260 -2.06558288084007e+03
262 259 2.87454842646695e+03
262 258 -1.08172335538860e+03
262 257 1.56061978811514e+02
262 256 5.68534034481038e+02
262 255 3.04691240493584e+02
262 254 -2.05787929743825e+02
262 253 -1.12281888332169e+02
262 252 7.96454561000729e+01
263 263 2.49486519484259e+03
263 556 -7.32438559544606e+01
263 555 -4.00716216575589e+02
263 554 3.91733287675536e+02
263 553 3.64131859667140e+01
263 552 -7.00461844474952e+01
263 551 9.54109768965886e+02
263 550 -9.73203381847820e+02
263 549 -1.47174331311795e+02
263 548 3.85284216493775e+02
263 547 -2.35921578840918e+02
263 546 -1.99590239233278e+01
263 545 -1.32368052867570e+03
263 544 1.37990626392120e+03
263 543 4.46375308818850e+02
263 542 -7.00130220320964e+02
263 541 1.21968795954366e+02
263 540 3.11340372835297e+02
263 539 -3.09707949761159e+02
263 538 -4.45679272985703e+01
263 537 9.87223962912563e+02
263 536 -1.26415242618548e+03
263 535 -3.19766378203139e+02
263 534 8.14362272778209e+02
263 533 3.75111004877592e+01
263 532 -4.73926726170016e+02
263 531 1.03708989888611e+02
263 530 9.70711833314242e+01
263 529 -1.12091598154983e+02
263 528 1.29677310676244e+01
263 335 -3.62175390504363e+01
263 334 -1.28074318209135e+02
263 333 -1.44445831136796e+02
263 332 -5.34100895005684e+01
263 331 2.88820646893729e+01
263 330 2.81029411486142e+01
263 312 -1.40222239303805e+02
263 313 1.45289175790071e+02
263 314 4.60942051679372e+01
263 315 -1.99645446104502e+02
263 316 1.13852373211317e+02
263 317 -1.94656134588309e+01
263 377 -4.35848698177324e+03
263 376 2.44653263523766e+03
263 375 5.15629413775536e+03
263 374 -4.25837869013440e+03
263 373 4.59314945335161e+03
263 372 -9.00860042065245e+02
263 371 -3.81713335994506e+03
263 370 3.39865694952747e+03
263 369 -3.45365354777769e+03
263 368 1.71064236938910e+03
263 367 -2.69162985060805e+03
263 366 2.51745666069742e+02
263 365 1.49400291899271e+03
263 364 -1.37290308970998e+03
263 363 1.86834699944491e+03
263 362 -1.33639031580611e+03
263 361 1.57003000994889e+03
263 360 -3.35042459844596e+02
263 359 6.02185115397583e+02
263 358 4.83226047348114e+01
263 357 -2.53813589157791e+02
263 356 2.85493782052592e+02
263 355 -3.31309806781924e+02
263 354 7.43436639623203e+02
263 353 -1.01836142370186e+02
263 352 -7.85985431662276e+00
263 351 -2.26953844601950e+02
263 350 -4.09547447113176e+02
263 349 3.59853984388979e+01
263 348 -9.94129972879788e+01
263 264 7.57622703862039e+01
263 265 -4.70735405872538e+02
263 266 7.13185999066060e+02
263 267 5.28512532912711e+02
263 268 -2.31235986735202e+03
263 269 1.46804854481981e+03
263 557 1.23282520060730e+02
263 262 -3.09839968600248e+03
263 261 7.41209308479658e+02
263 260 1.30986386312526e+03
263 259 -1.15703569326005e+03
263 258 3.28973607091447e+02
263 257 -1.42006800367737e+01
263 256 -2.70735401397674e+02
263 255 -1.67168026512834e+02
263 254 1.92919257328696e+02
263 253 2.13354079207577e+02
263 252 2.60578354044822e+01
264 264 2.70068622301602e+03
264 586 -5.10615229744821e+02
264 585 -1.24621144862945e+03
264 584 9.39695579798161e+02
264 583 -1.60066434330695e+03
264 582 2.04821178633402e+02
264 581 7.24967258037995e+02
264 580 -6.70300880432923e+02
264 579 9.86406862185448e+02
264 578 -4.88916066832662e+02
264 577 1.17384310632020e+03
264 576 -1.03160638925878e+02
264 575 -1.53890578251731e+02
264 574 2.17468267925357e+02
264 573 -4.77185360273020e+02
264 572 4.84972207309921e+02
264 571 -5.64340661352652e+02
264 570 2.46308756043274e+02
264 569 -4.70682730903928e+02
264 568 2.72542006161581e+01
264 567 -1.56841058578778e+01
264 566 -5.62934149678872e+01
264 565 7.79827116122036e+01
264 564 -2.84724485933009e+02
264 563 4.10344530588113e+01
264 562 -7.45879277106696e+01
264 561 1.04370235913505e+02
264 560 1.12871648732451e+02
264 559 8.33338635991239e+01
264 558 3.43758966581860e+01
264 318 3.35739501124529e+02
264 319 -4.62491835991686e+02
264 320 3.31269845969056e+01
264 321 2.57435281401288e+02
264 322 -1.49941411719875e+02
264 323 2.29940688351518e+01
264 311 2.10538640418296e+01
264 310 9.55643460743996e+01
264 309 6.75135870485732e+01
264 308 -5.98626850126500e+01
264 307 -9.26393576520696e+01
264 306 -1.94656134588432e+01
264 377 -3.25213006384021e+02
264 376 1.43314822031219e+02
264 375 5.45399754147983e+02
264 374 -6.32068710035236e+02
264 373 1.06847583465300e+03
264 372 -1.37176272173629e+02
264 371 1.45021595996986e+03
264 370 -1.40183933034895e+03
264 369 1.18622001772427e+02
264 368 4.73520145461854e+02
264 367 -2.56779803525093e+03
264 366 1.80701947182278e+02
264 365 1.14342738544287e+03
264 364 -1.13222107942724e+03
264 363 -4.78776653777306e+02
264 362 8.66765001670045e+02
264 361 -1.34632243670452e+03
264 360 -6.69262560008146e+01
264 359 3.74404754566568e+03
264 358 -1.61182011939922e+02
264 357 3.85321612137555e+02
264 356 -3.68696872235650e+02
264 355 -3.34353973783002e+02
264 354 5.31565185258119e+02
264 353 -1.29473340628528e+02
264 352 -7.72893101315299e+02
264 351 9.95301570645509e+02
264 350 5.19891017880996e+02
264 349 -2.97571111214627e+03
264 348 -2.46377966395063e+02
264 587 1.42359341886413e+03
264 265 -2.43590850060115e+03
264 266 2.37837641311852e+02
264 267 1.29346650332782e+03
264 268 -1.08172335538858e+03
264 269 3.28973607091436e+02
264 263 7.57622703862039e+01
264 262 -1.83687597489338e+02
264 261 -6.40171047883949e+02
264 260 -7.41245251817347e+02
264 259 -4.45065281874936e+02
264 258 -1.34135238809748e+02
264 257 5.06135979906749e+01
264 256 -2.13514806566307e+02
264 255 3.01295389530339e+02
264 254 -3.61276667488402e+01
264 253 -5.15332637494072e+01
264 252 7.45210545179455e+01
265 265 6.58205463329165e+03
265 586 7.40428699488406e+02
265 585 1.46473243630306e+03
265 584 -1.12989084020603e+03
265 583 3.07895794297149e+03
265 582 -4.08038571671208e+02
265 581 -5.86539329481524e+02
265 580 3.69216056895709e+02
265 579 -1.39080742135388e+03
265 578 9.23962425227891e+02
265 577 -2.65889922617725e+03
265 576 2.25096611028362e+02
265 575 -6.19014799706168e+01
265 574 1.97815283558109e+02
265 573 5.73504166116538e+02
265 572 -5.82612036779434e+02
265 571 8.60305887410378e+02
265 570 -5.24039611250906e+02
265 569 1.43678314411288e+03
265 568 -4.45742010649218e+01
265 567 9.19328765239422e+01
265 566 -2.66193762725837e+02
265 565 -9.68012592252579e+01
265 564 2.94365869297582e+02
265 563 -6.32042562774460e+01
265 562 1.01200178635204e+02
265 561 -1.31019631350885e+02
265 560 -1.43206350418986e+02
265 559 -3.74778302280057e+02
265 558 -1.76356618141042e+02
265 318 -4.93546137332861e+02
265 319 5.87322507741262e+02
265 320 7.24052656497959e+01
265 321 -2.78136293478300e+02
265 322 4.47393113444068e+01
265 323 3.52579689658519e+01
265 311 9.55643460744015e+01
265 310 -6.30453247435212e+01
265 309 -8.96240803890209e+01
265 308 9.20819759039890e+01
265 307 1.57791684828917e+02
265 306 1.13852373211323e+02
265 377 1.68462336510746e+03
265 376 -7.20828872772584e+02
265 375 -2.42042554898670e+03
265 374 2.36480711489837e+03
265 373 -3.69218014223298e+03
265 372 4.65332265160215e+02
265 371 -2.04146810247604e+03
265 370 1.98959902526237e+03
265 369 1.01807460777094e+03
265 368 -1.52761599788490e+03
265 367 6.29138253723178e+03
265 366 -4.67456198283487e+02
265 365 -8.92446424945878e+02
265 364 9.33402733750734e+02
265 363 5.11759543221183e+02
265 362 -1.04039012904315e+03
265 361 6.02346350393171e+02
265 360 8.63646998922329e+02
265 359 -7.59170178260480e+03
265 358 1.80354303564235e+02
265 357 8.50792002283473e+02
265 356 -1.04397293179282e+03
265 355 -7.08500514789414e+02
265 354 1.13746650772896e+03
265 353 9.84808830817763e+02
265 352 -1.01941314942543e+03
265 351 -9.94091569963410e+02
265 350 1.14446450133887e+03
265 349 1.87089311365960e+03
265 348 -4.57637503287664e+02
265 264 -2.43590850060115e+03
265 587 -1.60120001779906e+03
265 266 -1.73115028644673e+03
265 267 -2.20511885495357e+03
265 268 2.87454842646694e+03
265 269 -1.15703569326003e+03
265 263 -4.70735405872538e+02
265 262 9.48212537285350e+02
265 261 1.30224528335339e+03
265 260 8.11407272933214e+02
265 259 2.02890901180917e+02
265 258 -4.45065281874936e+02
265 257 2.25291854357061e+02
265 256 -4.95304562829081e+02
265 255 3.90716184014003e+02
265 254 -3.51768811487989e+02
265 253 -1.52527869332146e+02
265 252 1.69802807593135e+02
266 266 5.05977353819438e+03
266 586 -2.28511790343736e+02
266 585 -9.55370655270236e+00
266 584 1.21136682761469e+02
266 583 -4.37190971936669e+02
266 582 2.53734619547122e+02
266 581 -6.47204093774807e+02
266 580 5.44898200917852e+02
266 579 1.66504273267911e+02
266 578 -3.51105309513418e+02
266 577 2.00258685799469e+03
266 576 -2.05132441138900e+02
266 575 3.40066347097184e+02
266 574 -2.28572095051592e+02
266 573 -9.82746538654310e+01
266 572 -3.07447896232791e+02
266 571 1.82544809993757e+01
266 570 3.15187627577938e+02
266 569 -1.64522421126429e+03
266 568 5.38150495279463e+01
266 567 -1.04428733104569e+02
266 566 -1.36702862270673e+01
266 565 2.14728986401429e+01
266 564 2.43589557233476e+02
266 563 6.52627849751214e+01
266 562 1.30522662079561e+02
266 561 -9.73180427908731e+01
266 560 -7.49311395665725e+01
266 559 6.03018778931913e+02
266 558 2.74797868596549e+02
266 318 7.87533130581125e+01
266 319 5.39592037501314e+01
266 320 -2.85728351525782e+02
266 321 -8.92688716382043e+01
266 322 1.71194290287758e+02
266 323 -7.66879591506748e+01
266 311 6.75135870485737e+01
266 310 -8.96240803890207e+01
266 309 -1.18947798780433e+02
266 308 -3.38468910680427e+01
266 307 -2.59487744584868e+01
266 306 -1.99645446104497e+02
266 377 -2.44152519521102e+03
266 376 9.08807233887697e+02
266 375 4.14846082062695e+03
266 374 -3.64222626647606e+03
266 373 4.05679468150113e+03
266 372 -3.52863060084631e+02
266 371 -1.03944666591752e+03
266 370 8.74059553194733e+02
266 369 -2.96679107409144e+03
266 368 2.07736245064313e+03
266 367 -4.59213895287233e+03
266 366 3.34952660213240e+01
266 365 -2.47828136241644e+03
266 364 2.52048957323412e+03
266 363 2.76080630978139e+03
266 362 -2.57195437211272e+03
266 361 7.63667808735952e+02
266 360 6.98837916591016e+02
266 359 -9.63405941198577e+02
266 358 -3.55236965147781e+02
266 357 1.26653270286751e+03
266 356 -1.65176735813521e+03
266 355 -8.44712722252412e+02
266 354 1.60085232703138e+03
266 353 5.44629655176712e+02
266 352 -9.45396281135205e+02
266 351 -5.54484219532215e+02
266 350 1.68552583908047e+02
266 349 7.06722865043784e+02
266 348 6.20599543788682e+02
266 264 2.37837641311852e+02
266 265 -1.73115028644673e+03
266 587 1.96723547162409e+02
266 267 -3.68579624117773e+02
266 268 -2.06558288084008e+03
266 269 1.30986386312525e+03
266 263 7.13185999066060e+02
266 262 -1.77661624287310e+03
266 261 -7.63604348590123e+02
266 260 1.27861371975752e+03
266 259 8.11407272933205e+02
266 258 -7.41245251817336e+02
266 257 3.33078447776966e+02
266 256 -5.74226957847652e+02
266 255 1.13889527004015e+02
266 254 3.11460996618413e+02
266 253 -2.20296561387795e+02
266 252 -3.61324237118813e+02
267 267 5.11344782962065e+03
267 586 -3.25168943132066e+02
267 585 -7.93760050525728e+02
267 584 6.65587589958162e+02
267 583 -1.46885029715678e+03
267 582 2.07416606350394e+01
