127 312 127 312
127 127 1.25693472041088e-02
127 311 -6.14106995926567e-03
127 310 -6.14106995926581e-03
127 309 2.09682452127477e-03
127 308 1.39793070699713e-03
127 307 2.09682452127476e-03
127 306 -1.34275062787828e-04
127 305 2.99476964681516e-03
127 304 2.99476964681486e-03
127 303 -1.34275062787396e-04
127 208 -3.85098670393351e-03
127 209 2.79650022101997e-03
127 210 -8.62317128728148e-04
127 211 -2.21866681667465e-04
127 212 4.96144724199452e-04
127 302 -1.34275062787576e-04
127 301 2.99476964681524e-03
127 300 2.09682452127459e-03
127 299 2.99476964681512e-03
127 298 1.39793070699729e-03
127 297 -6.14106995926596e-03
127 296 -1.34275062787680e-04
127 295 2.09682452127483e-03
127 294 -6.14106995926608e-03
127 293 7.67667587018775e-03
127 203 -7.70197340786709e-03
127 204 5.59300044204015e-03
127 205 -1.72463425745626e-03
127 206 -4.43733363334703e-04
127 207 9.92289448398734e-04
127 282 7.67667587018717e-03
127 281 -6.14106995926567e-03
127 280 -6.14106995926581e-03
127 279 2.09682452127476e-03
127 278 1.39793070699713e-03
127 277 2.09682452127476e-03
127 276 -1.34275062787828e-04
127 275 2.99476964681516e-03
127 274 2.99476964681486e-03
127 273 -1.34275062787397e-04
127 202 4.96144724199363e-04
127 201 -2.21866681667290e-04
127 200 -8.62317128728123e-04
127 199 2.79650022102003e-03
127 198 -3.85098670393352e-03
127 183 8.59253916557453e-05
127 184 -1.08312031092047e-03
127 185 -1.49855434271463e-03
127 186 -1.08312031092039e-03
127 187 8.59253916556370e-05
127 132 -2.73413390049627e-04
127 222 -1.34275062787900e-04
127 221 2.09682452127501e-03
127 220 2.99476964681517e-03
127 219 -6.14106995926581e-03
127 218 1.39793070699708e-03
127 217 2.99476964681516e-03
127 216 7.67667587018693e-03
127 215 -6.14106995926588e-03
127 214 2.09682452127455e-03
127 213 -1.34275062787572e-04
127 143 8.59253916556760e-05
127 144 -1.08312031092032e-03
127 145 -1.49855434271463e-03
127 146 -1.08312031092038e-03
127 147 8.59253916557123e-05
127 142 9.92289448398874e-04
127 141 -4.43733363334862e-04
127 140 -1.72463425745627e-03
127 139 5.59300044203991e-03
127 138 -7.70197340786693e-03
127 137 -7.70197340786706e-03
127 136 5.59300044204002e-03
127 135 -1.72463425745634e-03
127 134 -4.43733363334806e-04
127 133 9.92289448398778e-04
127 128 -5.46826780099400e-04
127 312 7.67667587018717e-03
127 12 8.59253916557455e-05
127 13 -1.08312031092047e-03
127 14 -1.49855434271463e-03
127 15 -1.08312031092039e-03
127 16 8.59253916556369e-05
127 1 -2.73413390049700e-04
127 57 8.59253916556940e-05
127 58 -1.08312031092046e-03
127 59 -1.49855434271455e-03
127 60 -1.08312031092049e-03
127 61 8.59253916557885e-05
127 2 -5.46826780099254e-04
127 3 -5.46826780099346e-04
128 128 1.25693472041088e-02
128 291 2.99476964681524e-03
128 290 2.09682452127459e-03
128 289 2.99476964681512e-03
128 288 1.39793070699728e-03
128 287 -6.14106995926596e-03
128 286 -1.34275062787681e-04
128 285 2.09682452127483e-03
128 284 -6.14106995926608e-03
128 283 7.67667587018775e-03
128 188 8.59253916556940e-05
128 189 -1.08312031092046e-03
128 190 -1.49855434271455e-03
128 191 -1.08312031092049e-03
128 192 8.59253916557884e-05
128 282 -1.34275062787900e-04
128 281 2.09682452127501e-03
128 280 2.99476964681517e-03
128 279 -6.14106995926581e-03
128 278 1.39793070699708e-03
128 277 2.99476964681516e-03
128 276 7.67667587018693e-03
128 275 -6.14106995926588e-03
128 274 2.09682452127455e-03
128 273 -1.34275062787572e-04
128 202 8.59253916556757e-05
128 201 -1.08312031092032e-03
128 200 -1.49855434271463e-03
128 199 -1.08312031092038e-03
128 198 8.59253916557122e-05
128 252 7.67667587018717e-03
128 251 -6.14106995926567e-03
128 250 -6.14106995926581e-03
128 249 2.09682452127476e-03
128 248 1.39793070699713e-03
128 247 2.09682452127476e-03
128 246 -1.34275062787829e-04
128 245 2.99476964681516e-03
128 244 2.99476964681486e-03
128 243 -1.34275062787396e-04
128 187 9.92289448398682e-04
128 186 -4.43733363334642e-04
128 185 -1.72463425745633e-03
128 184 5.59300044204001e-03
128 183 -7.70197340786698e-03
128 178 -7.70197340786711e-03
128 179 5.59300044204000e-03
128 180 -1.72463425745628e-03
128 181 -4.43733363334918e-04
128 182 9.92289448398911e-04
128 173 8.59253916557454e-05
128 174 -1.08312031092047e-03
128 175 -1.49855434271463e-03
128 176 -1.08312031092039e-03
128 177 8.59253916556371e-05
128 129 -5.46826780099373e-04
128 132 -5.46826780099300e-04
128 222 7.67667587018717e-03
128 221 -6.14106995926567e-03
128 220 -6.14106995926581e-03
128 219 2.09682452127476e-03
128 218 1.39793070699713e-03
128 217 2.09682452127476e-03
128 216 -1.34275062787829e-04
128 215 2.99476964681516e-03
128 214 2.99476964681486e-03
128 213 -1.34275062787396e-04
128 143 9.92289448398734e-04
128 144 -4.43733363334703e-04
128 145 -1.72463425745626e-03
128 146 5.59300044204014e-03
128 147 -7.70197340786709e-03
128 142 -7.70197340786693e-03
128 141 5.59300044203991e-03
128 140 -1.72463425745627e-03
128 139 -4.43733363334862e-04
128 138 9.92289448398874e-04
128 137 8.59253916557454e-05
128 136 -1.08312031092047e-03
128 135 -1.49855434271463e-03
128 134 -1.08312031092039e-03
128 133 8.59253916556371e-05
128 292 -1.34275062787577e-04
128 127 -5.46826780099400e-04
128 3 -5.46826780099254e-04
129 129 1.25693472041088e-02
129 291 2.09682452127501e-03
129 290 2.99476964681517e-03
129 289 -6.14106995926581e-03
129 288 1.39793070699708e-03
129 287 2.99476964681516e-03
129 286 7.67667587018693e-03
129 285 -6.14106995926588e-03
129 284 2.09682452127455e-03
129 283 -1.34275062787572e-04
129 147 8.59253916556757e-05
129 146 -1.08312031092032e-03
129 145 -1.49855434271463e-03
129 144 -1.08312031092038e-03
129 143 8.59253916557120e-05
129 262 7.67667587018717e-03
129 261 -6.14106995926567e-03
129 260 -6.14106995926581e-03
129 259 2.09682452127476e-03
129 258 1.39793070699713e-03
129 257 2.09682452127476e-03
129 256 -1.34275062787829e-04
129 255 2.99476964681516e-03
129 254 2.99476964681486e-03
129 253 -1.34275062787396e-04
129 192 -7.70197340786693e-03
129 191 5.59300044203991e-03
129 190 -1.72463425745627e-03
129 189 -4.43733363334861e-04
129 188 9.92289448398874e-04
129 163 8.59253916557454e-05
129 164 -1.08312031092047e-03
129 165 -1.49855434271463e-03
129 166 -1.08312031092039e-03
129 167 8.59253916556371e-05
129 252 -1.34275062787900e-04
129 251 2.09682452127501e-03
129 250 2.99476964681517e-03
129 249 -6.14106995926581e-03
129 248 1.39793070699708e-03
129 247 2.99476964681516e-03
129 246 7.67667587018693e-03
129 245 -6.14106995926588e-03
129 244 2.09682452127455e-03
129 243 -1.34275062787572e-04
129 187 8.59253916556760e-05
129 186 -1.08312031092032e-03
129 185 -1.49855434271463e-03
129 184 -1.08312031092038e-03
129 183 8.59253916557123e-05
129 178 9.92289448398741e-04
129 179 -4.43733363334749e-04
129 180 -1.72463425745633e-03
129 181 5.59300044203993e-03
129 182 -7.70197340786688e-03
129 173 -3.85098670393346e-03
129 174 2.79650022101998e-03
129 175 -8.62317128728209e-04
129 176 -2.21866681667353e-04
129 177 4.96144724199319e-04
129 128 -5.46826780099373e-04
129 132 -2.73413390049673e-04
129 232 -1.34275062787577e-04
129 231 2.99476964681524e-03
129 230 2.09682452127459e-03
129 229 2.99476964681512e-03
129 228 1.39793070699729e-03
129 227 -6.14106995926596e-03
129 226 -1.34275062787681e-04
129 225 2.09682452127483e-03
129 224 -6.14106995926608e-03
129 223 7.67667587018775e-03
129 158 -7.70197340786709e-03
129 159 5.59300044204014e-03
129 160 -1.72463425745626e-03
129 161 -4.43733363334703e-04
129 162 9.92289448398734e-04
129 157 8.59253916556941e-05
129 156 -1.08312031092046e-03
129 155 -1.49855434271455e-03
129 154 -1.08312031092049e-03
129 153 8.59253916557883e-05
129 152 4.96144724199459e-04
129 151 -2.21866681667454e-04
129 150 -8.62317128728134e-04
129 149 2.79650022102003e-03
129 148 -3.85098670393359e-03
129 131 -5.46826780099254e-04
129 130 -2.73413390049673e-04
129 292 -1.34275062787900e-04
129 3 -5.46826780099400e-04
130 130 6.28467360205429e-03
130 271 2.09682452127501e-03
130 270 2.99476964681517e-03
130 269 -6.14106995926581e-03
130 268 1.39793070699708e-03
130 267 2.99476964681516e-03
130 266 7.67667587018693e-03
130 265 -6.14106995926588e-03
130 264 2.09682452127455e-03
130 263 -1.34275062787572e-04
130 168 8.59253916556760e-05
130 169 -1.08312031092032e-03
130 170 -1.49855434271463e-03
130 171 -1.08312031092038e-03
130 172 8.59253916557123e-05
130 197 4.96144724199422e-04
130 196 -2.21866681667397e-04
130 195 -8.62317128728121e-04
130 194 2.79650022101994e-03
130 193 -3.85098670393342e-03
130 232 -1.34275062787900e-04
130 231 2.09682452127501e-03
130 230 2.99476964681517e-03
130 229 -6.14106995926581e-03
130 228 1.39793070699708e-03
130 227 2.99476964681516e-03
130 226 7.67667587018693e-03
130 225 -6.14106995926588e-03
130 224 2.09682452127455e-03
130 223 -1.34275062787572e-04
130 158 8.59253916556760e-05
130 159 -1.08312031092032e-03
130 160 -1.49855434271463e-03
130 161 -1.08312031092038e-03
130 162 8.59253916557123e-05
130 157 9.92289448398741e-04
130 156 -4.43733363334750e-04
130 155 -1.72463425745633e-03
130 154 5.59300044203993e-03
130 153 -7.70197340786688e-03
130 152 -3.85098670393346e-03
130 151 2.79650022101998e-03
130 150 -8.62317128728209e-04
130 149 -2.21866681667353e-04
130 148 4.96144724199319e-04
130 131 -5.46826780099373e-04
130 272 -1.34275062787900e-04
130 129 -2.73413390049673e-04
130 4 -2.73413390049700e-04
131 131 1.25693472041090e-02
131 271 2.99476964681524e-03
131 270 2.09682452127459e-03
131 269 2.99476964681512e-03
131 268 1.39793070699729e-03
131 267 -6.14106995926596e-03
131 266 -1.34275062787681e-04
131 265 2.09682452127483e-03
131 264 -6.14106995926608e-03
131 263 7.67667587018775e-03
131 197 8.59253916556941e-05
131 196 -1.08312031092046e-03
131 195 -1.49855434271455e-03
131 194 -1.08312031092049e-03
131 193 8.59253916557883e-05
131 262 -1.34275062787577e-04
131 261 2.99476964681524e-03
131 260 2.09682452127459e-03
131 259 2.99476964681512e-03
131 258 1.39793070699729e-03
131 257 -6.14106995926596e-03
131 256 -1.34275062787681e-04
131 255 2.09682452127483e-03
131 254 -6.14106995926608e-03
131 253 7.67667587018775e-03
131 192 8.59253916556941e-05
131 191 -1.08312031092046e-03
131 190 -1.49855434271455e-03
131 189 -1.08312031092049e-03
131 188 8.59253916557883e-05
131 242 7.67667587018717e-03
131 241 -6.14106995926567e-03
131 240 -6.14106995926581e-03
131 239 2.09682452127476e-03
131 238 1.39793070699713e-03
131 237 2.09682452127476e-03
131 236 -1.34275062787829e-04
131 235 2.99476964681516e-03
131 234 2.99476964681486e-03
131 233 -1.34275062787396e-04
131 172 9.92289448398734e-04
131 171 -4.43733363334703e-04
131 170 -1.72463425745626e-03
131 169 5.59300044204014e-03
131 168 -7.70197340786709e-03
131 167 -7.70197340786711e-03
131 166 5.59300044204000e-03
131 165 -1.72463425745628e-03
131 164 -4.43733363334918e-04
131 163 9.92289448398911e-04
131 232 7.67667587018717e-03
131 231 -6.14106995926567e-03
131 230 -6.14106995926581e-03
131 229 2.09682452127476e-03
131 228 1.39793070699713e-03
131 227 2.09682452127476e-03
131 226 -1.34275062787829e-04
131 225 2.99476964681516e-03
131 224 2.99476964681486e-03
131 223 -1.34275062787396e-04
131 158 9.92289448398734e-04
131 159 -4.43733363334703e-04
131 160 -1.72463425745626e-03
131 161 5.59300044204014e-03
131 162 -7.70197340786709e-03
131 157 -7.70197340786711e-03
131 156 5.59300044204000e-03
131 155 -1.72463425745628e-03
131 154 -4.43733363334918e-04
131 153 9.92289448398911e-04
131 152 8.59253916557454e-05
131 151 -1.08312031092047e-03
131 150 -1.49855434271463e-03
131 149 -1.08312031092039e-03
131 148 8.59253916556371e-05
131 272 -1.34275062787577e-04
131 130 -5.46826780099373e-04
131 129 -5.46826780099254e-04
131 22 8.59253916557454e-05
131 23 -1.08312031092047e-03
131 24 -1.49855434271463e-03
131 25 -1.08312031092039e-03
131 26 8.59253916556371e-05
131 3 -5.46826780099373e-04
131 4 -5.46826780099254e-04
132 132 6.28467360205457e-03
132 281 2.99476964681524e-03
132 280 2.09682452127459e-03
132 279 2.99476964681512e-03
132 278 1.39793070699729e-03
132 277 -6.14106995926596e-03
132 276 -1.34275062787680e-04
132 275 2.09682452127483e-03
132 274 -6.14106995926608e-03
132 273 7.67667587018775e-03
132 202 -3.85098670393357e-03
132 201 2.79650022102012e-03
132 200 -8.62317128728142e-04
132 199 -2.21866681667413e-04
132 198 4.96144724199371e-04
132 138 8.59253916556940e-05
132 139 -1.08312031092046e-03
132 140 -1.49855434271455e-03
132 141 -1.08312031092049e-03
132 142 8.59253916557885e-05
132 127 -2.73413390049627e-04
132 252 -1.34275062787577e-04
132 251 2.99476964681524e-03
132 250 2.09682452127459e-03
132 249 2.99476964681512e-03
132 248 1.39793070699729e-03
132 247 -6.14106995926596e-03
132 246 -1.34275062787681e-04
132 245 2.09682452127483e-03
132 244 -6.14106995926608e-03
132 243 7.67667587018775e-03
132 187 -7.70197340786717e-03
132 186 5.59300044204015e-03
132 185 -1.72463425745628e-03
132 184 -4.43733363334867e-04
132 183 9.92289448398830e-04
132 178 8.59253916556941e-05
132 179 -1.08312031092046e-03
132 180 -1.49855434271455e-03
132 181 -1.08312031092049e-03
132 182 8.59253916557883e-05
132 173 4.96144724199459e-04
132 174 -2.21866681667454e-04
132 175 -8.62317128728134e-04
132 176 2.79650022102003e-03
132 177 -3.85098670393359e-03
132 128 -5.46826780099300e-04
132 129 -2.73413390049673e-04
132 282 -1.34275062787576e-04
133 133 2.57537990804510e-02
133 301 -2.10223293567475e-03
133 300 -4.07177169569716e-03
133 299 7.69288895823806e-03
133 298 -1.92140596357818e-03
133 297 -6.09065536698107e-03
133 296 -1.16597985696756e-02
133 295 1.13631356844887e-02
133 294 -3.79606808812875e-03
133 293 -2.12639427820590e-04
133 203 -3.54319235357610e-05
133 204 2.34384911033296e-03
133 205 2.48414675870839e-03
133 206 1.24799011017772e-03
133 207 -2.23648588942463e-04
133 222 4.04446768620036e-04
133 221 -4.07177169569701e-03
133 220 -2.10223293567451e-03
133 219 -6.09065536698085e-03
133 218 -1.92140596357850e-03
133 217 7.69288895823825e-03
133 216 -2.12639427821131e-04
133 215 -3.79606808812869e-03
133 214 1.13631356844889e-02
133 213 -1.16597985696763e-02
133 143 7.68943935996114e-03
133 144 -5.52629305202978e-03
133 145 1.96994301740686e-03
133 146 -4.38523083129507e-04
133 147 -3.54319235357168e-05
133 142 -2.23648588942417e-04
133 141 1.24799011017781e-03
133 140 2.48414675870835e-03
133 139 2.34384911033298e-03
133 138 -3.54319235357748e-05
133 137 -1.60430365027003e-03
133 136 2.53476969436168e-04
133 135 4.37443403793582e-03
133 134 -1.11205835799141e-02
133 302 4.04446768620579e-04
133 128 8.59253916556371e-05
133 127 9.92289448398778e-04
133 57 -3.54319235358238e-05
133 58 -4.38523083129542e-04
133 59 1.96994301740685e-03
133 60 -5.52629305202980e-03
133 61 7.68943935996100e-03
133 2 8.59253916557453e-05
133 3 -7.70197340786706e-03
134 134 3.10720949381631e-02
134 301 4.21195198085737e-03
134 300 1.90843700163228e-03
134 299 -8.44187916047694e-03
134 298 -9.51552014923101e-04
134 297 5.57122958432672e-03
134 296 1.22896076296483e-02
134 295 -6.50497843570766e-03
134 294 2.35133932230545e-03
134 293 1.41125055987706e-03
134 203 -4.38523083129520e-04
134 204 -2.28852988841567e-03
134 205 -1.60404554832290e-03
134 206 -2.98470121334416e-04
134 207 1.24799011017779e-03
134 222 -3.02508729231844e-03
134 221 1.90843700163205e-03
134 220 4.21195198085707e-03
134 219 5.57122958432672e-03
134 218 -9.51552014922856e-04
134 217 -8.44187916047709e-03
134 216 1.41125055987752e-03
134 215 2.35133932230549e-03
134 214 -6.50497843570754e-03
134 213 1.22896076296486e-02
134 143 -5.52629305202979e-03
134 144 1.72208333611389e-03
134 145 1.50423094770813e-03
134 146 -2.28852988841572e-03
134 147 2.34384911033294e-03
134 142 1.24799011017775e-03
134 141 -2.98470121334454e-04
134 140 -1.60404554832280e-03
134 139 -2.28852988841561e-03
134 138 -4.38523083129506e-04
134 137 2.53476969436167e-04
134 136 1.68966460789144e-03
134 135 -6.78135235065009e-03
134 302 -3.02508729231877e-03
134 133 -1.11205835799141e-02
134 128 -1.08312031092039e-03
134 127 -4.43733363334806e-04
134 57 2.34384911033301e-03
134 58 -2.28852988841562e-03
134 59 1.50423094770815e-03
134 60 1.72208333611393e-03
134 61 -5.52629305202975e-03
134 2 -1.08312031092047e-03
134 3 5.59300044204001e-03
135 135 3.19959930074893e-02
135 301 4.02234363161966e-03
135 300 4.02234363161957e-03
135 299 -2.96209222302458e-03
135 298 -5.19567533727537e-03
135 297 -2.96209222302466e-03
135 296 -5.03853813921284e-03
135 295 4.78035274427191e-03
135 294 4.78035274427180e-03
135 293 -5.03853813921258e-03
135 203 1.96994301740688e-03
135 204 1.50423094770822e-03
135 205 4.52111637152937e-05
135 206 -1.60404554832284e-03
135 207 2.48414675870839e-03
135 222 -4.30131249491167e-03
135 221 4.02234363161966e-03
135 220 4.02234363161957e-03
135 219 -2.96209222302458e-03
135 218 -5.19567533727537e-03
135 217 -2.96209222302466e-03
135 216 -5.03853813921283e-03
135 215 4.78035274427191e-03
135 214 4.78035274427181e-03
135 213 -5.03853813921258e-03
135 143 1.96994301740688e-03
135 144 1.50423094770822e-03
135 145 4.52111637152936e-05
135 146 -1.60404554832284e-03
135 147 2.48414675870839e-03
135 142 2.48414675870836e-03
135 141 -1.60404554832284e-03
135 140 4.52111637153019e-05
135 139 1.50423094770809e-03
135 138 1.96994301740690e-03
135 137 4.37443403793582e-03
135 136 -6.78135235065009e-03
135 302 -4.30131249491167e-03
135 134 -6.78135235065009e-03
135 133 4.37443403793582e-03
135 128 -1.49855434271463e-03
135 127 -1.72463425745634e-03
135 57 2.48414675870836e-03
135 58 -1.60404554832284e-03
135 59 4.52111637153019e-05
135 60 1.50423094770809e-03
135 61 1.96994301740690e-03
135 2 -1.49855434271463e-03
135 3 -1.72463425745634e-03
136 136 3.10720949381631e-02
136 301 1.90843700163205e-03
136 300 4.21195198085707e-03
136 299 5.57122958432672e-03
136 298 -9.51552014922856e-04
136 297 -8.44187916047709e-03
136 296 1.41125055987752e-03
136 295 2.35133932230549e-03
136 294 -6.50497843570754e-03
136 293 1.22896076296486e-02
136 203 -5.52629305202980e-03
136 204 1.72208333611389e-03
136 205 1.50423094770813e-03
136 206 -2.28852988841572e-03
136 207 2.34384911033294e-03
136 222 -3.02508729231877e-03
136 221 4.21195198085737e-03
136 220 1.90843700163228e-03
136 219 -8.44187916047694e-03
136 218 -9.51552014923101e-04
136 217 5.57122958432672e-03
136 216 1.22896076296483e-02
136 215 -6.50497843570766e-03
136 214 2.35133932230545e-03
136 213 1.41125055987706e-03
136 143 -4.38523083129520e-04
136 144 -2.28852988841567e-03
136 145 -1.60404554832290e-03
136 146 -2.98470121334416e-04
136 147 1.24799011017779e-03
136 142 2.34384911033301e-03
136 141 -2.28852988841562e-03
136 140 1.50423094770815e-03
136 139 1.72208333611393e-03
136 138 -5.52629305202975e-03
136 137 -1.11205835799141e-02
136 302 -3.02508729231844e-03
136 135 -6.78135235065009e-03
136 134 1.68966460789144e-03
136 133 2.53476969436168e-04
136 128 -1.08312031092047e-03
136 127 5.59300044204002e-03
136 57 1.24799011017775e-03
136 58 -2.98470121334454e-04
136 59 -1.60404554832280e-03
136 60 -2.28852988841561e-03
136 61 -4.38523083129506e-04
136 2 -1.08312031092039e-03
136 3 -4.43733363334806e-04
137 137 2.57537990804510e-02
137 301 -4.07177169569702e-03
137 300 -2.10223293567451e-03
137 299 -6.09065536698085e-03
137 298 -1.92140596357850e-03
137 297 7.69288895823825e-03
137 296 -2.12639427821132e-04
137 295 -3.79606808812869e-03
137 294 1.13631356844889e-02
137 293 -1.16597985696763e-02
137 203 7.68943935996114e-03
137 204 -5.52629305202978e-03
137 205 1.96994301740686e-03
137 206 -4.38523083129507e-04
137 207 -3.54319235357169e-05
137 222 4.04446768620579e-04
137 221 -2.10223293567475e-03
137 220 -4.07177169569716e-03
137 219 7.69288895823807e-03
137 218 -1.92140596357818e-03
137 217 -6.09065536698107e-03
137 216 -1.16597985696756e-02
137 215 1.13631356844887e-02
137 214 -3.79606808812875e-03
137 213 -2.12639427820589e-04
137 143 -3.54319235357614e-05
137 144 2.34384911033296e-03
137 145 2.48414675870839e-03
137 146 1.24799011017772e-03
137 147 -2.23648588942463e-04
137 142 -3.54319235358239e-05
137 141 -4.38523083129542e-04
137 140 1.96994301740685e-03
137 139 -5.52629305202980e-03
137 138 7.68943935996100e-03
137 302 4.04446768620036e-04
137 136 -1.11205835799141e-02
137 135 4.37443403793582e-03
137 134 2.53476969436167e-04
137 133 -1.60430365027003e-03
137 128 8.59253916557454e-05
137 127 -7.70197340786706e-03
137 57 -2.23648588942417e-04
137 58 1.24799011017781e-03
137 59 2.48414675870835e-03
137 60 2.34384911033298e-03
137 61 -3.54319235357750e-05
137 2 8.59253916556370e-05
137 3 9.92289448398778e-04
138 138 2.57537990804509e-02
138 281 1.13631356844887e-02
138 280 7.69288895823826e-03
138 279 -3.79606808812883e-03
138 278 -1.92140596357833e-03
138 277 -2.10223293567456e-03
138 276 -2.12639427820691e-04
138 275 -6.09065536698106e-03
138 274 -4.07177169569695e-03
138 273 4.04446768620215e-04
138 202 -3.54319235357777e-05
138 201 -4.38523083129586e-04
138 200 1.96994301740684e-03
138 199 -5.52629305202977e-03
138 198 7.68943935996107e-03
138 183 -3.54319235358238e-05
138 184 2.34384911033301e-03
138 185 2.48414675870836e-03
138 186 1.24799011017775e-03
138 187 -2.23648588942417e-04
138 132 8.59253916556940e-05
138 222 -2.12639427820465e-04
138 221 -3.79606808812892e-03
138 220 -6.09065536698093e-03
138 219 1.13631356844886e-02
138 218 -1.92140596357816e-03
138 217 -4.07177169569714e-03
138 216 -1.16597985696754e-02
138 215 7.69288895823799e-03
138 214 -2.10223293567463e-03
138 213 4.04446768620617e-04
138 143 -2.23648588942462e-04
138 144 1.24799011017772e-03
138 145 2.48414675870839e-03
138 146 2.34384911033294e-03
138 147 -3.54319235358006e-05
138 142 -1.60430365027015e-03
138 141 2.53476969436113e-04
138 140 4.37443403793575e-03
138 139 -1.11205835799142e-02
138 282 -1.16597985696758e-02
138 137 7.68943935996100e-03
138 136 -5.52629305202975e-03
138 135 1.96994301740690e-03
138 134 -4.38523083129506e-04
138 133 -3.54319235357748e-05
138 128 9.92289448398874e-04
138 127 -7.70197340786693e-03
138 3 8.59253916557883e-05
139 139 3.10720949381631e-02
139 281 -6.50497843570758e-03
139 280 -8.44187916047678e-03
139 279 2.35133932230540e-03
139 278 -9.51552014923089e-04
139 277 4.21195198085739e-03
139 276 1.41125055987731e-03
139 275 5.57122958432672e-03
139 274 1.90843700163223e-03
139 273 -3.02508729231881e-03
139 202 2.34384911033300e-03
139 201 -2.28852988841567e-03
139 200 1.50423094770815e-03
139 199 1.72208333611392e-03
139 198 -5.52629305202976e-03
139 183 -4.38523083129542e-04
139 184 -2.28852988841562e-03
139 185 -1.60404554832284e-03
139 186 -2.98470121334454e-04
139 187 1.24799011017781e-03
139 132 -1.08312031092046e-03
139 222 1.41125055987704e-03
139 221 2.35133932230551e-03
139 220 5.57122958432691e-03
139 219 -6.50497843570753e-03
139 218 -9.51552014923172e-04
139 217 1.90843700163226e-03
139 216 1.22896076296481e-02
139 215 -8.44187916047702e-03
139 214 4.21195198085735e-03
139 213 -3.02508729231895e-03
139 143 1.24799011017779e-03
139 144 -2.98470121334433e-04
139 145 -1.60404554832289e-03
139 146 -2.28852988841560e-03
139 147 -4.38523083129467e-04
139 142 2.53476969436113e-04
139 141 1.68966460789146e-03
139 140 -6.78135235065019e-03
139 282 1.22896076296483e-02
139 138 -1.11205835799142e-02
139 137 -5.52629305202980e-03
139 136 1.72208333611393e-03
139 135 1.50423094770809e-03
139 134 -2.28852988841561e-03
139 133 2.34384911033298e-03
139 128 -4.43733363334862e-04
139 127 5.59300044203991e-03
139 3 -1.08312031092049e-03
140 140 3.19959930074893e-02
140 281 4.78035274427191e-03
140 280 -2.96209222302453e-03
140 279 4.78035274427174e-03
140 278 -5.19567533727529e-03
140 277 4.02234363161959e-03
140 276 -5.03853813921250e-03
140 275 -2.96209222302476e-03
140 274 4.02234363161947e-03
140 273 -4.30131249491132e-03
140 202 2.48414675870833e-03
140 201 -1.60404554832281e-03
140 200 4.52111637152920e-05
140 199 1.50423094770814e-03
140 198 1.96994301740685e-03
140 183 1.96994301740685e-03
140 184 1.50423094770815e-03
140 185 4.52111637153019e-05
140 186 -1.60404554832280e-03
140 187 2.48414675870835e-03
140 132 -1.49855434271455e-03
140 222 -5.03853813921255e-03
140 221 4.78035274427191e-03
140 220 -2.96209222302453e-03
140 219 4.78035274427174e-03
140 218 -5.19567533727529e-03
140 217 4.02234363161959e-03
140 216 -5.03853813921250e-03
140 215 -2.96209222302476e-03
140 214 4.02234363161947e-03
140 213 -4.30131249491132e-03
140 143 2.48414675870833e-03
140 144 -1.60404554832281e-03
140 145 4.52111637152921e-05
140 146 1.50423094770814e-03
140 147 1.96994301740685e-03
140 142 4.37443403793575e-03
140 141 -6.78135235065019e-03
140 282 -5.03853813921255e-03
140 139 -6.78135235065019e-03
140 138 4.37443403793575e-03
140 137 1.96994301740685e-03
140 136 1.50423094770815e-03
140 135 4.52111637153019e-05
140 134 -1.60404554832280e-03
140 133 2.48414675870835e-03
140 128 -1.72463425745627e-03
140 127 -1.72463425745627e-03
140 3 -1.49855434271455e-03
141 141 3.10720949381631e-02
141 281 2.35133932230551e-03
141 280 5.57122958432691e-03
141 279 -6.50497843570754e-03
141 278 -9.51552014923171e-04
141 277 1.90843700163226e-03
141 276 1.22896076296481e-02
141 275 -8.44187916047702e-03
141 274 4.21195198085735e-03
141 273 -3.02508729231895e-03
141 202 1.24799011017779e-03
141 201 -2.98470121334433e-04
141 200 -1.60404554832289e-03
141 199 -2.28852988841560e-03
141 198 -4.38523083129467e-04
141 183 -5.52629305202980e-03
141 184 1.72208333611393e-03
141 185 1.50423094770809e-03
141 186 -2.28852988841561e-03
141 187 2.34384911033298e-03
141 132 -1.08312031092049e-03
141 222 1.22896076296483e-02
141 221 -6.50497843570758e-03
141 220 -8.44187916047678e-03
141 219 2.35133932230540e-03
141 218 -9.51552014923089e-04
141 217 4.21195198085739e-03
141 216 1.41125055987731e-03
141 215 5.57122958432672e-03
141 214 1.90843700163223e-03
141 213 -3.02508729231881e-03
141 143 2.34384911033300e-03
141 144 -2.28852988841567e-03
141 145 1.50423094770815e-03
141 146 1.72208333611392e-03
141 147 -5.52629305202976e-03
141 142 -1.11205835799142e-02
141 282 1.41125055987704e-03
141 140 -6.78135235065019e-03
141 139 1.68966460789146e-03
141 138 2.53476969436113e-04
141 137 -4.38523083129542e-04
141 136 -2.28852988841562e-03
141 135 -1.60404554832284e-03
141 134 -2.98470121334454e-04
141 133 1.24799011017781e-03
141 128 5.59300044203991e-03
141 127 -4.43733363334862e-04
141 3 -1.08312031092046e-03
142 142 2.57537990804509e-02
142 281 -3.79606808812892e-03
142 280 -6.09065536698094e-03
142 279 1.13631356844886e-02
142 278 -1.92140596357816e-03
142 277 -4.07177169569714e-03
142 276 -1.16597985696754e-02
142 275 7.69288895823799e-03
142 274 -2.10223293567463e-03
142 273 4.04446768620617e-04
142 202 -2.23648588942462e-04
142 201 1.24799011017772e-03
142 200 2.48414675870839e-03
142 199 2.34384911033294e-03
142 198 -3.54319235358002e-05
142 183 7.68943935996100e-03
142 184 -5.52629305202975e-03
142 185 1.96994301740690e-03
142 186 -4.38523083129506e-04
142 187 -3.54319235357750e-05
142 132 8.59253916557885e-05
142 222 -1.16597985696758e-02
142 221 1.13631356844887e-02
142 220 7.69288895823826e-03
142 219 -3.79606808812882e-03
142 218 -1.92140596357833e-03
142 217 -2.10223293567456e-03
142 216 -2.12639427820691e-04
142 215 -6.09065536698106e-03
142 214 -4.07177169569695e-03
142 213 4.04446768620215e-04
142 143 -3.54319235357779e-05
142 144 -4.38523083129587e-04
142 145 1.96994301740684e-03
142 146 -5.52629305202977e-03
142 147 7.68943935996106e-03
142 282 -2.12639427820465e-04
142 141 -1.11205835799142e-02
142 140 4.37443403793575e-03
142 139 2.53476969436113e-04
142 138 -1.60430365027015e-03
142 137 -3.54319235358239e-05
142 136 2.34384911033301e-03
142 135 2.48414675870836e-03
142 134 1.24799011017775e-03
142 133 -2.23648588942417e-04
142 128 -7.70197340786693e-03
142 127 9.92289448398874e-04
142 3 8.59253916556941e-05
143 143 2.57537990804511e-02
143 291 7.69288895823806e-03
143 290 1.13631356844887e-02
143 289 -2.10223293567455e-03
143 288 -1.92140596357833e-03
143 287 -3.79606808812876e-03
143 286 4.04446768620418e-04
143 285 -4.07177169569697e-03
143 284 -6.09065536698081e-03
143 283 -2.12639427820959e-04
143 188 7.68943935996106e-03
143 189 -5.52629305202976e-03
143 190 1.96994301740685e-03
143 191 -4.38523083129467e-04
143 192 -3.54319235358003e-05
143 182 -2.23648588942463e-04
143 181 1.24799011017779e-03
143 180 2.48414675870839e-03
143 179 2.34384911033294e-03
143 178 -3.54319235357163e-05
143 129 8.59253916557120e-05
143 222 -2.12639427820924e-04
143 221 -6.09065536698105e-03
143 220 -3.79606808812879e-03
143 219 -4.07177169569699e-03
143 218 -1.92140596357845e-03
143 217 1.13631356844888e-02
143 216 4.04446768620226e-04
143 215 -2.10223293567446e-03
143 214 7.69288895823834e-03
143 213 -1.16597985696762e-02
143 292 -1.16597985696759e-02
143 144 -1.11205835799142e-02
143 145 4.37443403793583e-03
143 146 2.53476969436080e-04
143 147 -1.60430365027004e-03
143 142 -3.54319235357779e-05
143 141 2.34384911033300e-03
143 140 2.48414675870833e-03
143 139 1.24799011017779e-03
143 138 -2.23648588942462e-04
143 137 -3.54319235357614e-05
143 136 -4.38523083129520e-04
143 135 1.96994301740688e-03
143 134 -5.52629305202979e-03
143 133 7.68943935996114e-03
143 128 9.92289448398734e-04
143 127 8.59253916556760e-05
143 3 -7.70197340786709e-03
144 144 3.10720949381630e-02
144 291 -8.44187916047703e-03
144 290 -6.50497843570760e-03
144 289 4.21195198085725e-03
144 288 -9.51552014923008e-04
144 287 2.35133932230549e-03
144 286 -3.02508729231841e-03
144 285 1.90843700163214e-03
144 284 5.57122958432675e-03
144 283 1.41125055987726e-03
144 188 -5.52629305202977e-03
144 189 1.72208333611392e-03
144 190 1.50423094770814e-03
144 191 -2.28852988841560e-03
144 192 2.34384911033294e-03
144 182 1.24799011017772e-03
144 181 -2.98470121334416e-04
144 180 -1.60404554832284e-03
144 179 -2.28852988841572e-03
144 178 -4.38523083129507e-04
144 129 -1.08312031092038e-03
144 222 1.41125055987784e-03
144 221 5.57122958432646e-03
144 220 2.35133932230513e-03
144 219 1.90843700163207e-03
144 218 -9.51552014922672e-04
144 217 -6.50497843570782e-03
144 216 -3.02508729231806e-03
144 215 4.21195198085728e-03
144 214 -8.44187916047699e-03
144 213 1.22896076296489e-02
144 143 -1.11205835799142e-02
144 292 1.22896076296486e-02
144 145 -6.78135235065004e-03
144 146 1.68966460789123e-03
144 147 2.53476969436080e-04
144 142 -4.38523083129587e-04
144 141 -2.28852988841567e-03
144 140 -1.60404554832281e-03
144 139 -2.98470121334433e-04
144 138 1.24799011017772e-03
144 137 2.34384911033296e-03
144 136 -2.28852988841567e-03
144 135 1.50423094770822e-03
144 134 1.72208333611389e-03
144 133 -5.52629305202978e-03
144 128 -4.43733363334703e-04
144 127 -1.08312031092032e-03
144 3 5.59300044204014e-03
145 145 3.19959930074894e-02
145 291 -2.96209222302466e-03
145 290 4.78035274427176e-03
145 289 4.02234363161966e-03
145 288 -5.19567533727531e-03
145 287 4.78035274427185e-03
145 286 -4.30131249491163e-03
145 285 4.02234363161971e-03
145 284 -2.96209222302466e-03
145 283 -5.03853813921251e-03
145 188 1.96994301740684e-03
145 189 1.50423094770815e-03
145 190 4.52111637152920e-05
145 191 -1.60404554832289e-03
145 192 2.48414675870839e-03
145 182 2.48414675870839e-03
145 181 -1.60404554832290e-03
145 180 4.52111637152936e-05
145 179 1.50423094770813e-03
145 178 1.96994301740686e-03
145 129 -1.49855434271463e-03
145 222 -5.03853813921255e-03
145 221 -2.96209222302466e-03
145 220 4.78035274427176e-03
145 219 4.02234363161966e-03
145 218 -5.19567533727531e-03
145 217 4.78035274427185e-03
145 216 -4.30131249491163e-03
145 215 4.02234363161971e-03
145 214 -2.96209222302466e-03
145 213 -5.03853813921251e-03
145 143 4.37443403793583e-03
145 144 -6.78135235065004e-03
145 292 -5.03853813921255e-03
145 146 -6.78135235065004e-03
145 147 4.37443403793583e-03
145 142 1.96994301740684e-03
145 141 1.50423094770815e-03
145 140 4.52111637152921e-05
145 139 -1.60404554832289e-03
145 138 2.48414675870839e-03
145 137 2.48414675870839e-03
145 136 -1.60404554832290e-03
145 135 4.52111637152936e-05
145 134 1.50423094770813e-03
145 133 1.96994301740686e-03
145 128 -1.72463425745626e-03
145 127 -1.49855434271463e-03
145 3 -1.72463425745626e-03
146 146 3.10720949381630e-02
146 291 5.57122958432646e-03
146 290 2.35133932230513e-03
146 289 1.90843700163207e-03
146 288 -9.51552014922673e-04
146 287 -6.50497843570781e-03
146 286 -3.02508729231806e-03
146 285 4.21195198085728e-03
146 284 -8.44187916047699e-03
146 283 1.22896076296489e-02
146 188 -4.38523083129586e-04
146 189 -2.28852988841567e-03
146 190 -1.60404554832280e-03
146 191 -2.98470121334433e-04
146 192 1.24799011017772e-03
146 182 2.34384911033296e-03
146 181 -2.28852988841567e-03
146 180 1.50423094770822e-03
146 179 1.72208333611389e-03
146 178 -5.52629305202978e-03
146 129 -1.08312031092032e-03
146 222 1.22896076296486e-02
146 221 -8.44187916047703e-03
146 220 -6.50497843570760e-03
146 219 4.21195198085725e-03
146 218 -9.51552014923007e-04
146 217 2.35133932230549e-03
146 216 -3.02508729231841e-03
146 215 1.90843700163214e-03
146 214 5.57122958432676e-03
146 213 1.41125055987726e-03
146 143 2.53476969436080e-04
146 144 1.68966460789123e-03
146 145 -6.78135235065004e-03
146 292 1.41125055987784e-03
146 147 -1.11205835799142e-02
146 142 -5.52629305202977e-03
146 141 1.72208333611392e-03
146 140 1.50423094770814e-03
146 139 -2.28852988841560e-03
146 138 2.34384911033294e-03
146 137 1.24799011017772e-03
146 136 -2.98470121334416e-04
146 135 -1.60404554832284e-03
146 134 -2.28852988841572e-03
146 133 -4.38523083129507e-04
146 128 5.59300044204014e-03
146 127 -1.08312031092038e-03
146 3 -4.43733363334703e-04
147 147 2.57537990804510e-02
147 291 -6.09065536698104e-03
147 290 -3.79606808812879e-03
147 289 -4.07177169569699e-03
147 288 -1.92140596357845e-03
147 287 1.13631356844888e-02
147 286 4.04446768620226e-04
147 285 -2.10223293567446e-03
147 284 7.69288895823834e-03
147 283 -1.16597985696762e-02
147 188 -3.54319235357783e-05
147 189 2.34384911033300e-03
147 190 2.48414675870833e-03
147 191 1.24799011017779e-03
147 192 -2.23648588942461e-04
147 182 -3.54319235357612e-05
147 181 -4.38523083129520e-04
147 180 1.96994301740688e-03
147 179 -5.52629305202979e-03
147 178 7.68943935996114e-03
147 129 8.59253916556757e-05
147 222 -1.16597985696759e-02
147 221 7.69288895823806e-03
147 220 1.13631356844887e-02
147 219 -2.10223293567455e-03
147 218 -1.92140596357833e-03
147 217 -3.79606808812876e-03
147 216 4.04446768620418e-04
147 215 -4.07177169569698e-03
147 214 -6.09065536698081e-03
147 213 -2.12639427820960e-04
147 143 -1.60430365027004e-03
147 144 2.53476969436080e-04
147 145 4.37443403793583e-03
147 146 -1.11205835799142e-02
147 292 -2.12639427820924e-04
147 142 7.68943935996106e-03
147 141 -5.52629305202976e-03
147 140 1.96994301740685e-03
147 139 -4.38523083129467e-04
147 138 -3.54319235358006e-05
147 137 -2.23648588942463e-04
147 136 1.24799011017779e-03
147 135 2.48414675870839e-03
147 134 2.34384911033294e-03
147 133 -3.54319235357168e-05
147 128 -7.70197340786709e-03
147 127 8.59253916557123e-05
147 3 9.92289448398733e-04
148 148 1.28768995402255e-02
148 231 -4.07177169569701e-03
148 230 -2.10223293567451e-03
148 229 -6.09065536698085e-03
148 228 -1.92140596357850e-03
148 227 7.69288895823825e-03
148 226 -2.12639427821131e-04
148 225 -3.79606808812869e-03
148 224 1.13631356844889e-02
148 223 -1.16597985696763e-02
148 158 7.68943935996114e-03
148 159 -5.52629305202978e-03
148 160 1.96994301740686e-03
148 161 -4.38523083129507e-04
148 162 -3.54319235357168e-05
148 157 -2.23648588942417e-04
148 156 1.24799011017781e-03
148 155 2.48414675870835e-03
148 154 2.34384911033298e-03
148 153 -3.54319235357748e-05
148 152 -8.02151825135017e-04
148 151 1.26738484718063e-04
148 150 2.18721701896788e-03
148 149 -5.56029178995705e-03
148 232 4.04446768620036e-04
148 131 8.59253916556371e-05
148 130 4.96144724199319e-04
148 129 -3.85098670393359e-03
149 149 1.55360474690815e-02
149 231 1.90843700163205e-03
149 230 4.21195198085707e-03
149 229 5.57122958432672e-03
149 228 -9.51552014922856e-04
149 227 -8.44187916047709e-03
149 226 1.41125055987752e-03
149 225 2.35133932230549e-03
149 224 -6.50497843570754e-03
149 223 1.22896076296486e-02
149 158 -5.52629305202979e-03
149 159 1.72208333611389e-03
149 160 1.50423094770813e-03
149 161 -2.28852988841572e-03
149 162 2.34384911033294e-03
149 157 1.24799011017775e-03
149 156 -2.98470121334454e-04
149 155 -1.60404554832280e-03
149 154 -2.28852988841561e-03
149 153 -4.38523083129506e-04
149 152 1.26738484718104e-04
149 151 8.44832303945722e-04
149 150 -3.39067617532500e-03
149 232 -3.02508729231844e-03
149 148 -5.56029178995705e-03
149 131 -1.08312031092039e-03
149 130 -2.21866681667353e-04
149 129 2.79650022102003e-03
150 150 1.59979965037446e-02
150 231 4.02234363161966e-03
150 230 4.02234363161957e-03
150 229 -2.96209222302458e-03
150 228 -5.19567533727537e-03
150 227 -2.96209222302466e-03
150 226 -5.03853813921283e-03
150 225 4.78035274427191e-03
150 224 4.78035274427181e-03
150 223 -5.03853813921258e-03
150 158 1.96994301740688e-03
150 159 1.50423094770822e-03
150 160 4.52111637152936e-05
150 161 -1.60404554832284e-03
150 162 2.48414675870839e-03
150 157 2.48414675870836e-03
150 156 -1.60404554832284e-03
150 155 4.52111637153019e-05
150 154 1.50423094770809e-03
150 153 1.96994301740690e-03
150 152 2.18721701896794e-03
150 151 -3.39067617532509e-03
150 232 -4.30131249491167e-03
150 149 -3.39067617532500e-03
150 148 2.18721701896788e-03
150 131 -1.49855434271463e-03
150 130 -8.62317128728209e-04
150 129 -8.62317128728134e-04
151 151 1.55360474690815e-02
151 231 4.21195198085737e-03
151 230 1.90843700163228e-03
151 229 -8.44187916047694e-03
151 228 -9.51552014923101e-04
151 227 5.57122958432672e-03
151 226 1.22896076296483e-02
151 225 -6.50497843570766e-03
151 224 2.35133932230545e-03
151 223 1.41125055987706e-03
151 158 -4.38523083129520e-04
151 159 -2.28852988841567e-03
151 160 -1.60404554832290e-03
151 161 -2.98470121334416e-04
151 162 1.24799011017779e-03
151 157 2.34384911033301e-03
151 156 -2.28852988841562e-03
151 155 1.50423094770815e-03
151 154 1.72208333611393e-03
151 153 -5.52629305202975e-03
151 152 -5.56029178995706e-03
151 232 -3.02508729231877e-03
151 150 -3.39067617532509e-03
151 149 8.44832303945722e-04
151 148 1.26738484718063e-04
151 131 -1.08312031092047e-03
151 130 2.79650022101998e-03
151 129 -2.21866681667454e-04
152 152 1.28768995402255e-02
152 231 -2.10223293567475e-03
152 230 -4.07177169569716e-03
152 229 7.69288895823807e-03
152 228 -1.92140596357818e-03
152 227 -6.09065536698107e-03
152 226 -1.16597985696756e-02
152 225 1.13631356844887e-02
152 224 -3.79606808812875e-03
152 223 -2.12639427820589e-04
152 158 -3.54319235357614e-05
152 159 2.34384911033296e-03
152 160 2.48414675870839e-03
152 161 1.24799011017772e-03
152 162 -2.23648588942463e-04
152 157 -3.54319235358239e-05
152 156 -4.38523083129542e-04
152 155 1.96994301740685e-03
152 154 -5.52629305202980e-03
152 153 7.68943935996100e-03
152 232 4.04446768620579e-04
152 151 -5.56029178995706e-03
152 150 2.18721701896794e-03
152 149 1.26738484718104e-04
152 148 -8.02151825135017e-04
152 131 8.59253916557454e-05
152 130 -3.85098670393346e-03
152 129 4.96144724199459e-04
153 153 2.57537990804509e-02
153 271 -2.10223293567475e-03
153 270 -4.07177169569716e-03
153 269 7.69288895823807e-03
153 268 -1.92140596357818e-03
153 267 -6.09065536698107e-03
153 266 -1.16597985696756e-02
153 265 1.13631356844887e-02
153 264 -3.79606808812875e-03
153 263 -2.12639427820589e-04
153 168 -3.54319235357614e-05
153 169 2.34384911033296e-03
153 170 2.48414675870839e-03
153 171 1.24799011017772e-03
153 172 -2.23648588942463e-04
153 197 -3.54319235358239e-05
153 196 -4.38523083129542e-04
153 195 1.96994301740685e-03
153 194 -5.52629305202980e-03
153 193 7.68943935996100e-03
153 232 -2.12639427820465e-04
153 231 -3.79606808812892e-03
153 230 -6.09065536698093e-03
153 229 1.13631356844886e-02
153 228 -1.92140596357816e-03
153 227 -4.07177169569714e-03
153 226 -1.16597985696754e-02
153 225 7.69288895823799e-03
153 224 -2.10223293567463e-03
153 223 4.04446768620617e-04
153 158 -2.23648588942462e-04
153 159 1.24799011017772e-03
