0 126 0 126
0 0 1.25693472041089e-02
0 115 2.99476964681524e-03
0 114 2.09682452127459e-03
0 113 2.99476964681512e-03
0 112 1.39793070699728e-03
0 111 -6.14106995926596e-03
0 110 -1.34275062787681e-04
0 109 2.09682452127483e-03
0 108 -6.14106995926608e-03
0 107 7.67667587018775e-03
0 61 8.59253916556940e-05
0 60 -1.08312031092046e-03
0 59 -1.49855434271455e-03
0 58 -1.08312031092049e-03
0 57 8.59253916557884e-05
0 106 -1.34275062787900e-04
0 105 2.09682452127501e-03
0 104 2.99476964681517e-03
0 103 -6.14106995926581e-03
0 102 1.39793070699708e-03
0 101 2.99476964681516e-03
0 100 7.67667587018693e-03
0 99 -6.14106995926588e-03
0 98 2.09682452127455e-03
0 97 -1.34275062787572e-04
0 36 8.59253916556760e-05
0 35 -1.08312031092032e-03
0 34 -1.49855434271463e-03
0 33 -1.08312031092038e-03
0 32 8.59253916557123e-05
0 56 9.92289448398793e-04
0 55 -4.43733363334810e-04
0 54 -1.72463425745626e-03
0 53 5.59300044204006e-03
0 52 -7.70197340786699e-03
0 3 -5.46826780099327e-04
0 96 -1.34275062787900e-04
0 95 2.09682452127501e-03
0 94 2.99476964681517e-03
0 93 -6.14106995926581e-03
0 92 1.39793070699708e-03
0 91 2.99476964681516e-03
0 90 7.67667587018693e-03
0 89 -6.14106995926588e-03
0 88 2.09682452127455e-03
0 87 -1.34275062787572e-04
0 51 8.59253916556757e-05
0 50 -1.08312031092032e-03
0 49 -1.49855434271463e-03
0 48 -1.08312031092038e-03
0 47 8.59253916557120e-05
0 46 9.92289448398741e-04
0 45 -4.43733363334749e-04
0 44 -1.72463425745633e-03
0 43 5.59300044203993e-03
0 42 -7.70197340786688e-03
0 37 -3.85098670393346e-03
0 38 2.79650022101998e-03
0 39 -8.62317128728209e-04
0 40 -2.21866681667352e-04
0 41 4.96144724199319e-04
0 5 -5.46826780099373e-04
0 6 -2.73413390049673e-04
0 76 -1.34275062787577e-04
0 75 2.99476964681524e-03
0 74 2.09682452127459e-03
0 73 2.99476964681512e-03
0 72 1.39793070699728e-03
0 71 -6.14106995926596e-03
0 70 -1.34275062787681e-04
0 69 2.09682452127483e-03
0 68 -6.14106995926608e-03
0 67 7.67667587018775e-03
0 17 -7.70197340786716e-03
0 18 5.59300044204015e-03
0 19 -1.72463425745628e-03
0 20 -4.43733363334867e-04
0 21 9.92289448398830e-04
0 16 8.59253916556940e-05
0 15 -1.08312031092046e-03
0 14 -1.49855434271455e-03
0 13 -1.08312031092049e-03
0 12 8.59253916557884e-05
0 11 4.96144724199459e-04
0 10 -2.21866681667453e-04
0 9 -8.62317128728134e-04
0 8 2.79650022102003e-03
0 7 -3.85098670393359e-03
0 2 -5.46826780099300e-04
0 1 -2.73413390049673e-04
0 116 -1.34275062787577e-04
1 1 6.28467360205429e-03
1 12 -7.70197340786688e-03
1 13 5.59300044203993e-03
1 14 -1.72463425745633e-03
1 15 -4.43733363334749e-04
1 16 9.92289448398741e-04
1 2 -5.46826780099373e-04
1 75 2.09682452127501e-03
1 74 2.99476964681517e-03
1 73 -6.14106995926581e-03
1 72 1.39793070699708e-03
1 71 2.99476964681516e-03
1 70 7.67667587018693e-03
1 69 -6.14106995926588e-03
1 68 2.09682452127455e-03
1 67 -1.34275062787572e-04
1 17 8.59253916556757e-05
1 18 -1.08312031092032e-03
1 19 -1.49855434271463e-03
1 20 -1.08312031092038e-03
1 21 8.59253916557120e-05
1 11 -3.85098670393346e-03
1 10 2.79650022101998e-03
1 9 -8.62317128728209e-04
1 8 -2.21866681667352e-04
1 7 4.96144724199319e-04
1 76 -1.34275062787900e-04
1 0 -2.73413390049673e-04
1 311 2.09682452127501e-03
1 310 2.99476964681517e-03
1 309 -6.14106995926581e-03
1 308 1.39793070699708e-03
1 307 2.99476964681516e-03
1 306 7.67667587018693e-03
1 305 -6.14106995926588e-03
1 304 2.09682452127455e-03
1 303 -1.34275062787571e-04
1 207 8.59253916556755e-05
1 206 -1.08312031092032e-03
1 205 -1.49855434271463e-03
1 204 -1.08312031092038e-03
1 203 8.59253916557121e-05
1 208 4.96144724199422e-04
1 209 -2.21866681667397e-04
1 210 -8.62317128728121e-04
1 211 2.79650022101994e-03
1 212 -3.85098670393342e-03
1 127 -2.73413390049700e-04
1 312 -1.34275062787900e-04
2 2 1.25693472041088e-02
2 12 9.92289448398911e-04
2 13 -4.43733363334918e-04
2 14 -1.72463425745628e-03
2 15 5.59300044204000e-03
2 16 -7.70197340786711e-03
2 1 -5.46826780099373e-04
2 57 -7.70197340786693e-03
2 58 5.59300044203991e-03
2 59 -1.72463425745627e-03
2 60 -4.43733363334861e-04
2 61 9.92289448398873e-04
2 3 -5.46826780099400e-04
2 115 2.09682452127501e-03
2 114 2.99476964681517e-03
2 113 -6.14106995926581e-03
2 112 1.39793070699708e-03
2 111 2.99476964681516e-03
2 110 7.67667587018693e-03
2 109 -6.14106995926588e-03
2 108 2.09682452127455e-03
2 107 -1.34275062787572e-04
2 52 8.59253916556757e-05
2 53 -1.08312031092032e-03
2 54 -1.49855434271463e-03
2 55 -1.08312031092038e-03
2 56 8.59253916557120e-05
2 76 7.67667587018717e-03
2 75 -6.14106995926566e-03
2 74 -6.14106995926581e-03
2 73 2.09682452127476e-03
2 72 1.39793070699713e-03
2 71 2.09682452127476e-03
2 70 -1.34275062787828e-04
2 69 2.99476964681516e-03
2 68 2.99476964681486e-03
2 67 -1.34275062787396e-04
2 17 9.92289448398681e-04
2 18 -4.43733363334642e-04
2 19 -1.72463425745633e-03
2 20 5.59300044204001e-03
2 21 -7.70197340786698e-03
2 11 8.59253916557456e-05
2 10 -1.08312031092047e-03
2 9 -1.49855434271463e-03
2 8 -1.08312031092039e-03
2 7 8.59253916556371e-05
2 116 -1.34275062787900e-04
2 0 -5.46826780099300e-04
2 311 2.99476964681524e-03
2 310 2.09682452127459e-03
2 309 2.99476964681512e-03
2 308 1.39793070699729e-03
2 307 -6.14106995926596e-03
2 306 -1.34275062787680e-04
2 305 2.09682452127483e-03
2 304 -6.14106995926608e-03
2 303 7.67667587018775e-03
2 208 8.59253916556940e-05
2 209 -1.08312031092046e-03
2 210 -1.49855434271455e-03
2 211 -1.08312031092049e-03
2 212 8.59253916557883e-05
2 302 7.67667587018717e-03
2 301 -6.14106995926567e-03
2 300 -6.14106995926581e-03
2 299 2.09682452127476e-03
2 298 1.39793070699713e-03
2 297 2.09682452127476e-03
2 296 -1.34275062787828e-04
2 295 2.99476964681516e-03
2 294 2.99476964681486e-03
2 293 -1.34275062787397e-04
2 203 9.92289448398734e-04
2 204 -4.43733363334703e-04
2 205 -1.72463425745627e-03
2 206 5.59300044204015e-03
2 207 -7.70197340786709e-03
2 133 8.59253916557453e-05
2 134 -1.08312031092047e-03
2 135 -1.49855434271463e-03
2 136 -1.08312031092039e-03
2 137 8.59253916556370e-05
2 312 -1.34275062787577e-04
2 127 -5.46826780099254e-04
3 3 2.51386944082176e-02
3 57 9.92289448398874e-04
3 58 -4.43733363334862e-04
3 59 -1.72463425745627e-03
3 60 5.59300044203991e-03
3 61 -7.70197340786693e-03
3 2 -5.46826780099400e-04
3 22 -7.70197340786706e-03
3 23 5.59300044204002e-03
3 24 -1.72463425745634e-03
3 25 -4.43733363334806e-04
3 26 9.92289448398778e-04
3 4 -5.46826780099346e-04
3 115 -6.14106995926566e-03
3 114 -6.14106995926581e-03
3 113 2.09682452127476e-03
3 112 1.39793070699713e-03
3 111 2.09682452127476e-03
3 110 -1.34275062787828e-04
3 109 2.99476964681516e-03
3 108 2.99476964681486e-03
3 107 -1.34275062787396e-04
3 21 8.59253916557456e-05
3 20 -1.08312031092047e-03
3 19 -1.49855434271463e-03
3 18 -1.08312031092039e-03
3 17 8.59253916556371e-05
3 106 7.67667587018717e-03
3 105 -6.14106995926567e-03
3 104 -6.14106995926581e-03
3 103 2.09682452127476e-03
3 102 1.39793070699713e-03
3 101 2.09682452127476e-03
3 100 -1.34275062787829e-04
3 99 2.99476964681516e-03
3 98 2.99476964681486e-03
3 97 -1.34275062787396e-04
3 56 -7.70197340786703e-03
3 55 5.59300044204000e-03
3 54 -1.72463425745627e-03
3 53 -4.43733363334754e-04
3 52 9.92289448398814e-04
3 42 8.59253916557454e-05
3 43 -1.08312031092047e-03
3 44 -1.49855434271463e-03
3 45 -1.08312031092039e-03
3 46 8.59253916556371e-05
3 0 -5.46826780099327e-04
3 86 -1.34275062787576e-04
3 85 2.99476964681524e-03
3 84 2.09682452127459e-03
3 83 2.99476964681512e-03
3 82 1.39793070699729e-03
3 81 -6.14106995926596e-03
3 80 -1.34275062787680e-04
3 79 2.09682452127483e-03
3 78 -6.14106995926608e-03
3 77 7.67667587018775e-03
3 32 -7.70197340786709e-03
3 33 5.59300044204014e-03
3 34 -1.72463425745626e-03
3 35 -4.43733363334703e-04
3 36 9.92289448398734e-04
3 31 8.59253916556940e-05
3 30 -1.08312031092046e-03
3 29 -1.49855434271455e-03
3 28 -1.08312031092049e-03
3 27 8.59253916557885e-05
3 5 -5.46826780099254e-04
3 116 7.67667587018717e-03
3 301 2.09682452127501e-03
3 300 2.99476964681517e-03
3 299 -6.14106995926581e-03
3 298 1.39793070699708e-03
3 297 2.99476964681516e-03
3 296 7.67667587018693e-03
3 295 -6.14106995926588e-03
3 294 2.09682452127455e-03
3 293 -1.34275062787572e-04
3 203 8.59253916556757e-05
3 204 -1.08312031092032e-03
3 205 -1.49855434271463e-03
3 206 -1.08312031092038e-03
3 207 8.59253916557122e-05
3 292 7.67667587018717e-03
3 291 -6.14106995926566e-03
3 290 -6.14106995926581e-03
3 289 2.09682452127476e-03
3 288 1.39793070699713e-03
3 287 2.09682452127476e-03
3 286 -1.34275062787828e-04
3 285 2.99476964681516e-03
3 284 2.99476964681486e-03
3 283 -1.34275062787396e-04
3 182 8.59253916557456e-05
3 181 -1.08312031092047e-03
3 180 -1.49855434271463e-03
3 179 -1.08312031092039e-03
3 178 8.59253916556371e-05
3 262 -1.34275062787900e-04
3 261 2.09682452127501e-03
3 260 2.99476964681517e-03
3 259 -6.14106995926581e-03
3 258 1.39793070699708e-03
3 257 2.99476964681516e-03
3 256 7.67667587018693e-03
3 255 -6.14106995926588e-03
3 254 2.09682452127455e-03
3 253 -1.34275062787572e-04
3 162 8.59253916556760e-05
3 161 -1.08312031092032e-03
3 160 -1.49855434271463e-03
3 159 -1.08312031092038e-03
3 158 8.59253916557123e-05
3 192 9.92289448398874e-04
3 191 -4.43733363334861e-04
3 190 -1.72463425745627e-03
3 189 5.59300044203991e-03
3 188 -7.70197340786693e-03
3 129 -5.46826780099400e-04
3 242 -1.34275062787900e-04
3 241 2.09682452127501e-03
3 240 2.99476964681517e-03
3 239 -6.14106995926581e-03
3 238 1.39793070699708e-03
3 237 2.99476964681516e-03
3 236 7.67667587018693e-03
3 235 -6.14106995926588e-03
3 234 2.09682452127455e-03
3 233 -1.34275062787572e-04
3 172 8.59253916556760e-05
3 171 -1.08312031092032e-03
3 170 -1.49855434271463e-03
3 169 -1.08312031092038e-03
3 168 8.59253916557123e-05
3 167 9.92289448398741e-04
3 166 -4.43733363334750e-04
3 165 -1.72463425745633e-03
3 164 5.59300044203993e-03
3 163 -7.70197340786688e-03
3 131 -5.46826780099373e-04
3 222 -1.34275062787577e-04
3 221 2.99476964681524e-03
3 220 2.09682452127459e-03
3 219 2.99476964681512e-03
3 218 1.39793070699729e-03
3 217 -6.14106995926596e-03
3 216 -1.34275062787681e-04
3 215 2.09682452127483e-03
3 214 -6.14106995926608e-03
3 213 7.67667587018775e-03
3 143 -7.70197340786709e-03
3 144 5.59300044204014e-03
3 145 -1.72463425745626e-03
3 146 -4.43733363334703e-04
3 147 9.92289448398733e-04
3 142 8.59253916556941e-05
3 141 -1.08312031092046e-03
3 140 -1.49855434271455e-03
3 139 -1.08312031092049e-03
3 138 8.59253916557883e-05
3 137 9.92289448398778e-04
3 136 -4.43733363334806e-04
3 135 -1.72463425745634e-03
3 134 5.59300044204001e-03
3 133 -7.70197340786706e-03
3 128 -5.46826780099254e-04
3 127 -5.46826780099346e-04
3 302 -1.34275062787900e-04
4 4 1.25693472041088e-02
4 22 9.92289448398778e-04
4 23 -4.43733363334806e-04
4 24 -1.72463425745634e-03
4 25 5.59300044204001e-03
4 26 -7.70197340786706e-03
4 3 -5.46826780099346e-04
4 125 -6.14106995926567e-03
4 124 -6.14106995926581e-03
4 123 2.09682452127476e-03
4 122 1.39793070699713e-03
4 121 2.09682452127476e-03
4 120 -1.34275062787829e-04
4 119 2.99476964681516e-03
4 118 2.99476964681486e-03
4 117 -1.34275062787396e-04
4 66 4.96144724199363e-04
4 65 -2.21866681667290e-04
4 64 -8.62317128728123e-04
4 63 2.79650022102003e-03
4 62 -3.85098670393352e-03
4 47 8.59253916557454e-05
4 48 -1.08312031092047e-03
4 49 -1.49855434271463e-03
4 50 -1.08312031092039e-03
4 51 8.59253916556371e-05
4 6 -2.73413390049627e-04
4 86 -1.34275062787900e-04
4 85 2.09682452127501e-03
4 84 2.99476964681517e-03
4 83 -6.14106995926581e-03
4 82 1.39793070699708e-03
4 81 2.99476964681516e-03
4 80 7.67667587018693e-03
4 79 -6.14106995926588e-03
4 78 2.09682452127455e-03
4 77 -1.34275062787572e-04
4 32 8.59253916556757e-05
4 33 -1.08312031092032e-03
4 34 -1.49855434271463e-03
4 35 -1.08312031092038e-03
4 36 8.59253916557122e-05
4 31 9.92289448398874e-04
4 30 -4.43733363334862e-04
4 29 -1.72463425745627e-03
4 28 5.59300044203991e-03
4 27 -7.70197340786693e-03
4 5 -5.46826780099400e-04
4 126 7.67667587018717e-03
4 271 -6.14106995926567e-03
4 270 -6.14106995926581e-03
4 269 2.09682452127476e-03
4 268 1.39793070699713e-03
4 267 2.09682452127476e-03
4 266 -1.34275062787829e-04
4 265 2.99476964681516e-03
4 264 2.99476964681486e-03
4 263 -1.34275062787396e-04
4 197 -3.85098670393351e-03
4 196 2.79650022101997e-03
4 195 -8.62317128728147e-04
4 194 -2.21866681667464e-04
4 193 4.96144724199452e-04
4 153 8.59253916557454e-05
4 154 -1.08312031092047e-03
4 155 -1.49855434271463e-03
4 156 -1.08312031092039e-03
4 157 8.59253916556371e-05
4 130 -2.73413390049700e-04
4 242 -1.34275062787577e-04
4 241 2.99476964681524e-03
4 240 2.09682452127459e-03
4 239 2.99476964681512e-03
4 238 1.39793070699729e-03
4 237 -6.14106995926596e-03
4 236 -1.34275062787681e-04
4 235 2.09682452127483e-03
4 234 -6.14106995926608e-03
4 233 7.67667587018775e-03
4 172 -7.70197340786709e-03
4 171 5.59300044204014e-03
4 170 -1.72463425745626e-03
4 169 -4.43733363334703e-04
4 168 9.92289448398734e-04
4 167 8.59253916556941e-05
4 166 -1.08312031092046e-03
4 165 -1.49855434271455e-03
4 164 -1.08312031092049e-03
4 163 8.59253916557883e-05
4 131 -5.46826780099254e-04
4 272 7.67667587018717e-03
5 5 1.25693472041088e-02
5 125 2.09682452127501e-03
5 124 2.99476964681517e-03
5 123 -6.14106995926581e-03
5 122 1.39793070699708e-03
5 121 2.99476964681516e-03
5 120 7.67667587018693e-03
5 119 -6.14106995926588e-03
5 118 2.09682452127455e-03
5 117 -1.34275062787572e-04
5 66 8.59253916556760e-05
5 65 -1.08312031092032e-03
5 64 -1.49855434271463e-03
5 63 -1.08312031092038e-03
5 62 8.59253916557123e-05
5 106 -1.34275062787577e-04
5 105 2.99476964681524e-03
5 104 2.09682452127459e-03
5 103 2.99476964681512e-03
5 102 1.39793070699729e-03
5 101 -6.14106995926596e-03
5 100 -1.34275062787681e-04
5 99 2.09682452127483e-03
5 98 -6.14106995926608e-03
5 97 7.67667587018775e-03
5 56 8.59253916556941e-05
5 55 -1.08312031092046e-03
5 54 -1.49855434271455e-03
5 53 -1.08312031092049e-03
5 52 8.59253916557883e-05
5 96 7.67667587018717e-03
5 95 -6.14106995926566e-03
5 94 -6.14106995926581e-03
5 93 2.09682452127476e-03
5 92 1.39793070699713e-03
5 91 2.09682452127476e-03
5 90 -1.34275062787828e-04
5 89 2.99476964681516e-03
5 88 2.99476964681486e-03
5 87 -1.34275062787396e-04
5 51 9.92289448398681e-04
5 50 -4.43733363334642e-04
5 49 -1.72463425745633e-03
5 48 5.59300044204001e-03
5 47 -7.70197340786698e-03
5 46 -7.70197340786711e-03
5 45 5.59300044204000e-03
5 44 -1.72463425745628e-03
5 43 -4.43733363334918e-04
5 42 9.92289448398910e-04
5 37 8.59253916557456e-05
5 38 -1.08312031092047e-03
5 39 -1.49855434271463e-03
5 40 -1.08312031092039e-03
5 41 8.59253916556371e-05
5 0 -5.46826780099373e-04
5 6 -5.46826780099300e-04
5 86 7.67667587018717e-03
5 85 -6.14106995926567e-03
5 84 -6.14106995926581e-03
5 83 2.09682452127476e-03
5 82 1.39793070699713e-03
5 81 2.09682452127476e-03
5 80 -1.34275062787828e-04
5 79 2.99476964681516e-03
5 78 2.99476964681486e-03
5 77 -1.34275062787397e-04
5 32 9.92289448398734e-04
5 33 -4.43733363334703e-04
5 34 -1.72463425745626e-03
5 35 5.59300044204015e-03
5 36 -7.70197340786709e-03
5 31 -7.70197340786693e-03
5 30 5.59300044203991e-03
5 29 -1.72463425745627e-03
5 28 -4.43733363334862e-04
5 27 9.92289448398874e-04
5 26 8.59253916557453e-05
5 25 -1.08312031092047e-03
5 24 -1.49855434271463e-03
5 23 -1.08312031092039e-03
5 22 8.59253916556370e-05
5 126 -1.34275062787900e-04
5 4 -5.46826780099400e-04
5 3 -5.46826780099254e-04
6 6 6.28467360205457e-03
6 125 2.99476964681524e-03
6 124 2.09682452127459e-03
6 123 2.99476964681512e-03
6 122 1.39793070699729e-03
6 121 -6.14106995926596e-03
6 120 -1.34275062787681e-04
6 119 2.09682452127483e-03
6 118 -6.14106995926608e-03
6 117 7.67667587018775e-03
6 66 -3.85098670393357e-03
6 65 2.79650022102012e-03
6 64 -8.62317128728142e-04
6 63 -2.21866681667413e-04
6 62 4.96144724199371e-04
6 27 8.59253916556941e-05
6 28 -1.08312031092046e-03
6 29 -1.49855434271455e-03
6 30 -1.08312031092049e-03
6 31 8.59253916557883e-05
6 4 -2.73413390049627e-04
6 96 -1.34275062787577e-04
6 95 2.99476964681524e-03
6 94 2.09682452127459e-03
6 93 2.99476964681512e-03
6 92 1.39793070699728e-03
6 91 -6.14106995926596e-03
6 90 -1.34275062787681e-04
6 89 2.09682452127483e-03
6 88 -6.14106995926608e-03
6 87 7.67667587018775e-03
6 51 -7.70197340786716e-03
6 50 5.59300044204015e-03
6 49 -1.72463425745628e-03
6 48 -4.43733363334867e-04
6 47 9.92289448398830e-04
6 46 8.59253916556940e-05
6 45 -1.08312031092046e-03
6 44 -1.49855434271455e-03
6 43 -1.08312031092049e-03
6 42 8.59253916557884e-05
6 37 4.96144724199459e-04
6 38 -2.21866681667453e-04
6 39 -8.62317128728134e-04
6 40 2.79650022102003e-03
6 41 -3.85098670393359e-03
6 5 -5.46826780099300e-04
6 0 -2.73413390049673e-04
6 126 -1.34275062787577e-04
7 7 1.28768995402255e-02
7 75 -4.07177169569701e-03
7 74 -2.10223293567451e-03
7 73 -6.09065536698085e-03
7 72 -1.92140596357850e-03
7 71 7.69288895823825e-03
7 70 -2.12639427821131e-04
7 69 -3.79606808812869e-03
7 68 1.13631356844889e-02
7 67 -1.16597985696763e-02
7 17 7.68943935996114e-03
7 18 -5.52629305202978e-03
7 19 1.96994301740686e-03
7 20 -4.38523083129507e-04
7 21 -3.54319235357163e-05
7 16 -2.23648588942417e-04
7 15 1.24799011017781e-03
7 14 2.48414675870835e-03
7 13 2.34384911033298e-03
7 12 -3.54319235357746e-05
7 11 -8.02151825135016e-04
7 10 1.26738484718063e-04
7 9 2.18721701896788e-03
7 8 -5.56029178995705e-03
7 76 4.04446768620036e-04
7 2 8.59253916556371e-05
7 1 4.96144724199319e-04
7 0 -3.85098670393359e-03
8 8 1.55360474690815e-02
8 75 1.90843700163205e-03
8 74 4.21195198085707e-03
8 73 5.57122958432672e-03
8 72 -9.51552014922856e-04
8 71 -8.44187916047709e-03
8 70 1.41125055987752e-03
8 69 2.35133932230549e-03
8 68 -6.50497843570754e-03
8 67 1.22896076296486e-02
8 17 -5.52629305202979e-03
8 18 1.72208333611389e-03
8 19 1.50423094770813e-03
8 20 -2.28852988841572e-03
8 21 2.34384911033294e-03
8 16 1.24799011017775e-03
8 15 -2.98470121334454e-04
8 14 -1.60404554832280e-03
8 13 -2.28852988841561e-03
8 12 -4.38523083129506e-04
8 11 1.26738484718104e-04
8 10 8.44832303945722e-04
8 9 -3.39067617532500e-03
8 76 -3.02508729231844e-03
8 7 -5.56029178995705e-03
8 2 -1.08312031092039e-03
8 1 -2.21866681667352e-04
8 0 2.79650022102003e-03
9 9 1.59979965037446e-02
9 75 4.02234363161966e-03
9 74 4.02234363161957e-03
9 73 -2.96209222302458e-03
9 72 -5.19567533727537e-03
9 71 -2.96209222302466e-03
9 70 -5.03853813921283e-03
9 69 4.78035274427191e-03
9 68 4.78035274427181e-03
9 67 -5.03853813921258e-03
9 17 1.96994301740688e-03
9 18 1.50423094770822e-03
9 19 4.52111637152936e-05
9 20 -1.60404554832284e-03
9 21 2.48414675870839e-03
9 16 2.48414675870836e-03
9 15 -1.60404554832284e-03
9 14 4.52111637153019e-05
9 13 1.50423094770809e-03
9 12 1.96994301740690e-03
9 11 2.18721701896794e-03
9 10 -3.39067617532509e-03
9 76 -4.30131249491167e-03
9 8 -3.39067617532500e-03
9 7 2.18721701896788e-03
9 2 -1.49855434271463e-03
9 1 -8.62317128728209e-04
9 0 -8.62317128728134e-04
10 10 1.55360474690815e-02
10 75 4.21195198085737e-03
10 74 1.90843700163228e-03
10 73 -8.44187916047694e-03
10 72 -9.51552014923100e-04
10 71 5.57122958432672e-03
10 70 1.22896076296483e-02
10 69 -6.50497843570766e-03
10 68 2.35133932230545e-03
10 67 1.41125055987706e-03
10 17 -4.38523083129520e-04
10 18 -2.28852988841567e-03
10 19 -1.60404554832290e-03
10 20 -2.98470121334416e-04
10 21 1.24799011017779e-03
10 16 2.34384911033301e-03
10 15 -2.28852988841562e-03
10 14 1.50423094770815e-03
10 13 1.72208333611392e-03
10 12 -5.52629305202975e-03
10 11 -5.56029178995706e-03
10 76 -3.02508729231877e-03
10 9 -3.39067617532509e-03
10 8 8.44832303945722e-04
10 7 1.26738484718063e-04
10 2 -1.08312031092047e-03
10 1 2.79650022101998e-03
10 0 -2.21866681667453e-04
11 11 1.28768995402255e-02
11 75 -2.10223293567475e-03
11 74 -4.07177169569715e-03
11 73 7.69288895823806e-03
11 72 -1.92140596357818e-03
11 71 -6.09065536698107e-03
11 70 -1.16597985696756e-02
11 69 1.13631356844887e-02
11 68 -3.79606808812874e-03
11 67 -2.12639427820590e-04
11 17 -3.54319235357612e-05
11 18 2.34384911033296e-03
11 19 2.48414675870839e-03
11 20 1.24799011017772e-03
11 21 -2.23648588942463e-04
11 16 -3.54319235358234e-05
11 15 -4.38523083129542e-04
11 14 1.96994301740685e-03
11 13 -5.52629305202980e-03
11 12 7.68943935996100e-03
11 76 4.04446768620579e-04
11 10 -5.56029178995706e-03
11 9 2.18721701896794e-03
11 8 1.26738484718104e-04
11 7 -8.02151825135016e-04
11 2 8.59253916557456e-05
11 1 -3.85098670393346e-03
11 0 4.96144724199459e-04
12 12 2.57537990804509e-02
12 13 -1.11205835799141e-02
12 14 4.37443403793581e-03
12 15 2.53476969436119e-04
12 16 -1.60430365027009e-03
12 1 -7.70197340786688e-03
12 2 9.92289448398911e-04
12 75 -3.79606808812892e-03
12 74 -6.09065536698093e-03
12 73 1.13631356844886e-02
12 72 -1.92140596357816e-03
12 71 -4.07177169569714e-03
12 70 -1.16597985696754e-02
12 69 7.69288895823799e-03
12 68 -2.10223293567463e-03
12 67 4.04446768620618e-04
12 17 -2.23648588942461e-04
12 18 1.24799011017772e-03
12 19 2.48414675870839e-03
12 20 2.34384911033294e-03
12 21 -3.54319235358003e-05
12 76 -2.12639427820465e-04
12 11 7.68943935996100e-03
12 10 -5.52629305202975e-03
12 9 1.96994301740690e-03
12 8 -4.38523083129506e-04
12 7 -3.54319235357746e-05
12 0 8.59253916557884e-05
12 311 -2.10223293567475e-03
12 310 -4.07177169569716e-03
12 309 7.69288895823806e-03
12 308 -1.92140596357818e-03
12 307 -6.09065536698107e-03
12 306 -1.16597985696756e-02
12 305 1.13631356844887e-02
12 304 -3.79606808812875e-03
12 303 -2.12639427820591e-04
12 207 -3.54319235357610e-05
12 206 2.34384911033296e-03
12 205 2.48414675870839e-03
12 204 1.24799011017772e-03
12 203 -2.23648588942463e-04
12 208 -3.54319235358238e-05
12 209 -4.38523083129542e-04
12 210 1.96994301740685e-03
12 211 -5.52629305202980e-03
12 212 7.68943935996100e-03
12 312 4.04446768620579e-04
12 127 8.59253916557455e-05
13 13 3.10720949381631e-02
13 12 -1.11205835799141e-02
13 14 -6.78135235065017e-03
13 15 1.68966460789145e-03
13 16 2.53476969436160e-04
13 1 5.59300044203993e-03
13 2 -4.43733363334918e-04
13 75 2.35133932230551e-03
13 74 5.57122958432691e-03
13 73 -6.50497843570753e-03
13 72 -9.51552014923171e-04
13 71 1.90843700163226e-03
13 70 1.22896076296481e-02
13 69 -8.44187916047702e-03
13 68 4.21195198085734e-03
13 67 -3.02508729231895e-03
13 17 1.24799011017779e-03
13 18 -2.98470121334433e-04
13 19 -1.60404554832289e-03
13 20 -2.28852988841560e-03
13 21 -4.38523083129467e-04
13 76 1.41125055987704e-03
13 11 -5.52629305202980e-03
13 10 1.72208333611392e-03
13 9 1.50423094770809e-03
13 8 -2.28852988841561e-03
13 7 2.34384911033298e-03
13 0 -1.08312031092049e-03
13 311 4.21195198085737e-03
13 310 1.90843700163228e-03
13 309 -8.44187916047694e-03
13 308 -9.51552014923101e-04
13 307 5.57122958432672e-03
13 306 1.22896076296483e-02
13 305 -6.50497843570766e-03
13 304 2.35133932230545e-03
13 303 1.41125055987707e-03
13 207 -4.38523083129520e-04
13 206 -2.28852988841567e-03
13 205 -1.60404554832290e-03
13 204 -2.98470121334416e-04
13 203 1.24799011017779e-03
13 208 2.34384911033301e-03
13 209 -2.28852988841562e-03
13 210 1.50423094770815e-03
13 211 1.72208333611393e-03
13 212 -5.52629305202975e-03
13 312 -3.02508729231877e-03
13 127 -1.08312031092047e-03
14 14 3.19959930074893e-02
14 12 4.37443403793581e-03
14 13 -6.78135235065017e-03
14 15 -6.78135235065012e-03
14 16 4.37443403793576e-03
14 1 -1.72463425745633e-03
14 2 -1.72463425745628e-03
14 75 4.78035274427191e-03
14 74 -2.96209222302453e-03
14 73 4.78035274427174e-03
14 72 -5.19567533727529e-03
14 71 4.02234363161959e-03
14 70 -5.03853813921250e-03
14 69 -2.96209222302476e-03
14 68 4.02234363161947e-03
14 67 -4.30131249491132e-03
14 17 2.48414675870833e-03
14 18 -1.60404554832280e-03
14 19 4.52111637152920e-05
14 20 1.50423094770814e-03
14 21 1.96994301740685e-03
14 76 -5.03853813921254e-03
14 11 1.96994301740685e-03
14 10 1.50423094770815e-03
14 9 4.52111637153019e-05
14 8 -1.60404554832280e-03
14 7 2.48414675870835e-03
14 0 -1.49855434271455e-03
14 311 4.02234363161967e-03
14 310 4.02234363161957e-03
14 309 -2.96209222302458e-03
14 308 -5.19567533727537e-03
14 307 -2.96209222302466e-03
14 306 -5.03853813921284e-03
14 305 4.78035274427191e-03
14 304 4.78035274427181e-03
14 303 -5.03853813921258e-03
14 207 1.96994301740688e-03
14 206 1.50423094770822e-03
14 205 4.52111637152937e-05
14 204 -1.60404554832284e-03
14 203 2.48414675870839e-03
14 208 2.48414675870836e-03
14 209 -1.60404554832284e-03
14 210 4.52111637153018e-05
14 211 1.50423094770809e-03
14 212 1.96994301740690e-03
14 312 -4.30131249491167e-03
14 127 -1.49855434271463e-03
15 15 3.10720949381630e-02
15 12 2.53476969436119e-04
15 13 1.68966460789145e-03
15 14 -6.78135235065012e-03
15 16 -1.11205835799141e-02
15 1 -4.43733363334749e-04
15 2 5.59300044204000e-03
15 75 -6.50497843570758e-03
15 74 -8.44187916047678e-03
15 73 2.35133932230540e-03
15 72 -9.51552014923089e-04
15 71 4.21195198085739e-03
15 70 1.41125055987731e-03
15 69 5.57122958432672e-03
15 68 1.90843700163223e-03
15 67 -3.02508729231881e-03
15 17 2.34384911033300e-03
15 18 -2.28852988841567e-03
15 19 1.50423094770815e-03
15 20 1.72208333611392e-03
15 21 -5.52629305202976e-03
15 76 1.22896076296483e-02
15 11 -4.38523083129542e-04
15 10 -2.28852988841562e-03
15 9 -1.60404554832284e-03
15 8 -2.98470121334454e-04
15 7 1.24799011017781e-03
15 0 -1.08312031092046e-03
15 311 1.90843700163205e-03
15 310 4.21195198085708e-03
15 309 5.57122958432672e-03
15 308 -9.51552014922857e-04
15 307 -8.44187916047709e-03
15 306 1.41125055987752e-03
15 305 2.35133932230549e-03
15 304 -6.50497843570754e-03
15 303 1.22896076296486e-02
15 207 -5.52629305202980e-03
15 206 1.72208333611389e-03
15 205 1.50423094770813e-03
15 204 -2.28852988841572e-03
15 203 2.34384911033294e-03
15 208 1.24799011017775e-03
15 209 -2.98470121334454e-04
15 210 -1.60404554832280e-03
15 211 -2.28852988841561e-03
15 212 -4.38523083129506e-04
15 312 -3.02508729231844e-03
15 127 -1.08312031092039e-03
16 16 2.57537990804510e-02
16 12 -1.60430365027009e-03
16 13 2.53476969436160e-04
16 14 4.37443403793576e-03
16 15 -1.11205835799141e-02
16 1 9.92289448398741e-04
16 2 -7.70197340786711e-03
16 75 1.13631356844886e-02
16 74 7.69288895823826e-03
16 73 -3.79606808812882e-03
16 72 -1.92140596357833e-03
16 71 -2.10223293567456e-03
16 70 -2.12639427820692e-04
16 69 -6.09065536698106e-03
16 68 -4.07177169569695e-03
16 67 4.04446768620214e-04
16 17 -3.54319235357783e-05
16 18 -4.38523083129586e-04
16 19 1.96994301740684e-03
16 20 -5.52629305202977e-03
16 21 7.68943935996106e-03
16 76 -1.16597985696758e-02
16 11 -3.54319235358234e-05
16 10 2.34384911033301e-03
16 9 2.48414675870836e-03
16 8 1.24799011017775e-03
16 7 -2.23648588942417e-04
16 0 8.59253916556940e-05
16 311 -4.07177169569702e-03
16 310 -2.10223293567451e-03
16 309 -6.09065536698085e-03
16 308 -1.92140596357850e-03
16 307 7.69288895823825e-03
16 306 -2.12639427821131e-04
16 305 -3.79606808812869e-03
16 304 1.13631356844889e-02
16 303 -1.16597985696763e-02
16 207 7.68943935996114e-03
16 206 -5.52629305202978e-03
16 205 1.96994301740686e-03
16 204 -4.38523083129507e-04
16 203 -3.54319235357163e-05
16 208 -2.23648588942417e-04
16 209 1.24799011017781e-03
16 210 2.48414675870835e-03
16 211 2.34384911033298e-03
16 212 -3.54319235357749e-05
16 312 4.04446768620037e-04
16 127 8.59253916556369e-05
17 17 2.57537990804511e-02
17 115 -4.07177169569701e-03
17 114 -2.10223293567451e-03
17 113 -6.09065536698085e-03
17 112 -1.92140596357850e-03
17 111 7.69288895823825e-03
17 110 -2.12639427821131e-04
17 109 -3.79606808812869e-03
17 108 1.13631356844889e-02
17 107 -1.16597985696763e-02
17 52 7.68943935996114e-03
17 53 -5.52629305202978e-03
17 54 1.96994301740686e-03
17 55 -4.38523083129507e-04
17 56 -3.54319235357163e-05
17 61 -2.23648588942417e-04
17 60 1.24799011017781e-03
17 59 2.48414675870835e-03
17 58 2.34384911033298e-03
17 57 -3.54319235357746e-05
17 3 8.59253916556371e-05
17 76 -2.12639427820924e-04
17 75 -6.09065536698104e-03
17 74 -3.79606808812879e-03
17 73 -4.07177169569699e-03
17 72 -1.92140596357845e-03
17 71 1.13631356844888e-02
17 70 4.04446768620226e-04
17 69 -2.10223293567446e-03
17 68 7.69288895823834e-03
17 67 -1.16597985696762e-02
17 116 4.04446768620036e-04
17 18 -1.11205835799142e-02
17 19 4.37443403793580e-03
17 20 2.53476969436129e-04
17 21 -1.60430365027003e-03
17 16 -3.54319235357783e-05
17 15 2.34384911033300e-03
17 14 2.48414675870833e-03
17 13 1.24799011017779e-03
17 12 -2.23648588942461e-04
17 11 -3.54319235357612e-05
17 10 -4.38523083129520e-04
17 9 1.96994301740688e-03
17 8 -5.52629305202979e-03
17 7 7.68943935996114e-03
17 2 9.92289448398681e-04
17 1 8.59253916556757e-05
17 0 -7.70197340786716e-03
18 18 3.10720949381630e-02
18 115 1.90843700163205e-03
18 114 4.21195198085707e-03
18 113 5.57122958432672e-03
18 112 -9.51552014922856e-04
18 111 -8.44187916047709e-03
18 110 1.41125055987752e-03
18 109 2.35133932230549e-03
18 108 -6.50497843570754e-03
18 107 1.22896076296486e-02
18 52 -5.52629305202979e-03
18 53 1.72208333611389e-03
18 54 1.50423094770813e-03
18 55 -2.28852988841572e-03
18 56 2.34384911033294e-03
18 61 1.24799011017775e-03
18 60 -2.98470121334454e-04
18 59 -1.60404554832280e-03
18 58 -2.28852988841561e-03
18 57 -4.38523083129506e-04
18 3 -1.08312031092039e-03
18 76 1.41125055987784e-03
18 75 5.57122958432646e-03
18 74 2.35133932230513e-03
18 73 1.90843700163207e-03
18 72 -9.51552014922673e-04
18 71 -6.50497843570781e-03
18 70 -3.02508729231806e-03
18 69 4.21195198085728e-03
18 68 -8.44187916047699e-03
18 67 1.22896076296489e-02
18 17 -1.11205835799142e-02
18 116 -3.02508729231844e-03
18 19 -6.78135235065002e-03
18 20 1.68966460789134e-03
18 21 2.53476969436118e-04
18 16 -4.38523083129586e-04
18 15 -2.28852988841567e-03
18 14 -1.60404554832280e-03
18 13 -2.98470121334433e-04
18 12 1.24799011017772e-03
18 11 2.34384911033296e-03
18 10 -2.28852988841567e-03
18 9 1.50423094770822e-03
18 8 1.72208333611389e-03
18 7 -5.52629305202978e-03
18 2 -4.43733363334642e-04
18 1 -1.08312031092032e-03
18 0 5.59300044204015e-03
19 19 3.19959930074893e-02
19 115 4.02234363161966e-03
19 114 4.02234363161957e-03
19 113 -2.96209222302458e-03
19 112 -5.19567533727537e-03
19 111 -2.96209222302466e-03
19 110 -5.03853813921283e-03
19 109 4.78035274427191e-03
19 108 4.78035274427181e-03
19 107 -5.03853813921258e-03
19 52 1.96994301740688e-03
19 53 1.50423094770822e-03
19 54 4.52111637152936e-05
19 55 -1.60404554832284e-03
19 56 2.48414675870839e-03
19 61 2.48414675870836e-03
19 60 -1.60404554832284e-03
19 59 4.52111637153019e-05
19 58 1.50423094770809e-03
19 57 1.96994301740690e-03
19 3 -1.49855434271463e-03
19 76 -5.03853813921255e-03
19 75 -2.96209222302466e-03
19 74 4.78035274427176e-03
19 73 4.02234363161966e-03
19 72 -5.19567533727531e-03
19 71 4.78035274427185e-03
19 70 -4.30131249491163e-03
19 69 4.02234363161971e-03
19 68 -2.96209222302466e-03
19 67 -5.03853813921251e-03
19 17 4.37443403793580e-03
19 18 -6.78135235065002e-03
19 116 -4.30131249491167e-03
19 20 -6.78135235065012e-03
19 21 4.37443403793585e-03
19 16 1.96994301740684e-03
19 15 1.50423094770815e-03
19 14 4.52111637152920e-05
19 13 -1.60404554832289e-03
19 12 2.48414675870839e-03
19 11 2.48414675870839e-03
19 10 -1.60404554832290e-03
19 9 4.52111637152936e-05
19 8 1.50423094770813e-03
19 7 1.96994301740686e-03
19 2 -1.72463425745633e-03
19 1 -1.49855434271463e-03
19 0 -1.72463425745628e-03
20 20 3.10720949381631e-02
20 115 4.21195198085737e-03
20 114 1.90843700163228e-03
20 113 -8.44187916047694e-03
20 112 -9.51552014923100e-04
20 111 5.57122958432672e-03
20 110 1.22896076296483e-02
20 109 -6.50497843570766e-03
20 108 2.35133932230545e-03
20 107 1.41125055987706e-03
20 52 -4.38523083129520e-04
20 53 -2.28852988841567e-03
20 54 -1.60404554832290e-03
20 55 -2.98470121334416e-04
20 56 1.24799011017779e-03
20 61 2.34384911033301e-03
20 60 -2.28852988841562e-03
20 59 1.50423094770815e-03
20 58 1.72208333611392e-03
20 57 -5.52629305202975e-03
20 3 -1.08312031092047e-03
20 76 1.22896076296486e-02
20 75 -8.44187916047703e-03
20 74 -6.50497843570760e-03
20 73 4.21195198085725e-03
20 72 -9.51552014923008e-04
20 71 2.35133932230549e-03
20 70 -3.02508729231841e-03
20 69 1.90843700163214e-03
20 68 5.57122958432675e-03
20 67 1.41125055987726e-03
20 17 2.53476969436129e-04
20 18 1.68966460789134e-03
20 19 -6.78135235065012e-03
20 116 -3.02508729231877e-03
20 21 -1.11205835799142e-02
20 16 -5.52629305202977e-03
20 15 1.72208333611392e-03
20 14 1.50423094770814e-03
20 13 -2.28852988841560e-03
20 12 2.34384911033294e-03
20 11 1.24799011017772e-03
20 10 -2.98470121334416e-04
20 9 -1.60404554832284e-03
20 8 -2.28852988841572e-03
20 7 -4.38523083129507e-04
20 2 5.59300044204001e-03
20 1 -1.08312031092038e-03
20 0 -4.43733363334867e-04
21 21 2.57537990804510e-02
21 115 -2.10223293567475e-03
21 114 -4.07177169569715e-03
21 113 7.69288895823806e-03
21 112 -1.92140596357818e-03
21 111 -6.09065536698107e-03
21 110 -1.16597985696756e-02
21 109 1.13631356844887e-02
21 108 -3.79606808812874e-03
21 107 -2.12639427820590e-04
21 52 -3.54319235357612e-05
21 53 2.34384911033296e-03
21 54 2.48414675870839e-03
21 55 1.24799011017772e-03
21 56 -2.23648588942463e-04
21 61 -3.54319235358234e-05
21 60 -4.38523083129542e-04
21 59 1.96994301740685e-03
21 58 -5.52629305202980e-03
21 57 7.68943935996100e-03
21 3 8.59253916557456e-05
21 76 -1.16597985696759e-02
21 75 7.69288895823806e-03
21 74 1.13631356844887e-02
21 73 -2.10223293567455e-03
21 72 -1.92140596357833e-03
21 71 -3.79606808812876e-03
21 70 4.04446768620418e-04
21 69 -4.07177169569697e-03
21 68 -6.09065536698081e-03
21 67 -2.12639427820959e-04
21 17 -1.60430365027003e-03
21 18 2.53476969436118e-04
21 19 4.37443403793585e-03
21 20 -1.11205835799142e-02
21 116 4.04446768620579e-04
21 16 7.68943935996106e-03
21 15 -5.52629305202976e-03
21 14 1.96994301740685e-03
21 13 -4.38523083129467e-04
21 12 -3.54319235358003e-05
21 11 -2.23648588942463e-04
21 10 1.24799011017779e-03
21 9 2.48414675870839e-03
21 8 2.34384911033294e-03
21 7 -3.54319235357163e-05
21 2 -7.70197340786698e-03
21 1 8.59253916557120e-05
21 0 9.92289448398830e-04
22 22 2.57537990804510e-02
22 23 -1.11205835799141e-02
22 24 4.37443403793582e-03
22 25 2.53476969436167e-04
22 26 -1.60430365027003e-03
22 3 -7.70197340786706e-03
22 4 9.92289448398778e-04
22 85 -4.07177169569702e-03
22 84 -2.10223293567451e-03
22 83 -6.09065536698085e-03
22 82 -1.92140596357850e-03
22 81 7.69288895823825e-03
22 80 -2.12639427821132e-04
22 79 -3.79606808812869e-03
22 78 1.13631356844889e-02
22 77 -1.16597985696763e-02
22 32 7.68943935996114e-03
22 33 -5.52629305202978e-03
22 34 1.96994301740686e-03
22 35 -4.38523083129507e-04
22 36 -3.54319235357169e-05
22 31 -2.23648588942417e-04
22 30 1.24799011017781e-03
22 29 2.48414675870835e-03
22 28 2.34384911033298e-03
22 27 -3.54319235357750e-05
22 86 4.04446768620036e-04
22 5 8.59253916556370e-05
22 241 -2.10223293567475e-03
22 240 -4.07177169569716e-03
22 239 7.69288895823807e-03
22 238 -1.92140596357818e-03
22 237 -6.09065536698107e-03
22 236 -1.16597985696756e-02
22 235 1.13631356844887e-02
22 234 -3.79606808812875e-03
22 233 -2.12639427820589e-04
22 172 -3.54319235357614e-05
22 171 2.34384911033296e-03
22 170 2.48414675870839e-03
22 169 1.24799011017772e-03
22 168 -2.23648588942463e-04
22 167 -3.54319235358239e-05
22 166 -4.38523083129542e-04
22 165 1.96994301740685e-03
22 164 -5.52629305202980e-03
22 163 7.68943935996100e-03
22 242 4.04446768620579e-04
22 131 8.59253916557454e-05
23 23 3.10720949381631e-02
23 22 -1.11205835799141e-02
23 24 -6.78135235065009e-03
23 25 1.68966460789144e-03
23 26 2.53476969436168e-04
23 3 5.59300044204002e-03
23 4 -4.43733363334806e-04
23 85 1.90843700163205e-03
23 84 4.21195198085707e-03
23 83 5.57122958432672e-03
23 82 -9.51552014922856e-04
23 81 -8.44187916047709e-03
23 80 1.41125055987752e-03
23 79 2.35133932230549e-03
23 78 -6.50497843570754e-03
23 77 1.22896076296486e-02
23 32 -5.52629305202980e-03
23 33 1.72208333611389e-03
23 34 1.50423094770813e-03
23 35 -2.28852988841572e-03
23 36 2.34384911033294e-03
23 31 1.24799011017775e-03
23 30 -2.98470121334454e-04
23 29 -1.60404554832280e-03
23 28 -2.28852988841561e-03
23 27 -4.38523083129506e-04
23 86 -3.02508729231844e-03
23 5 -1.08312031092039e-03
23 241 4.21195198085737e-03
23 240 1.90843700163228e-03
23 239 -8.44187916047694e-03
23 238 -9.51552014923101e-04
23 237 5.57122958432672e-03
23 236 1.22896076296483e-02
23 235 -6.50497843570766e-03
23 234 2.35133932230545e-03
23 233 1.41125055987706e-03
23 172 -4.38523083129520e-04
23 171 -2.28852988841567e-03
23 170 -1.60404554832290e-03
23 169 -2.98470121334416e-04
23 168 1.24799011017779e-03
23 167 2.34384911033301e-03
23 166 -2.28852988841562e-03
23 165 1.50423094770815e-03
23 164 1.72208333611393e-03
23 163 -5.52629305202975e-03
23 242 -3.02508729231877e-03
23 131 -1.08312031092047e-03
24 24 3.19959930074893e-02
24 22 4.37443403793582e-03
24 23 -6.78135235065009e-03
24 25 -6.78135235065009e-03
24 26 4.37443403793582e-03
24 3 -1.72463425745634e-03
24 4 -1.72463425745634e-03
24 85 4.02234363161966e-03
24 84 4.02234363161957e-03
24 83 -2.96209222302458e-03
24 82 -5.19567533727537e-03
24 81 -2.96209222302466e-03
24 80 -5.03853813921284e-03
24 79 4.78035274427191e-03
24 78 4.78035274427180e-03
24 77 -5.03853813921258e-03
24 32 1.96994301740688e-03
24 33 1.50423094770822e-03
24 34 4.52111637152937e-05
24 35 -1.60404554832284e-03
24 36 2.48414675870839e-03
24 31 2.48414675870836e-03
24 30 -1.60404554832284e-03
24 29 4.52111637153019e-05
24 28 1.50423094770809e-03
24 27 1.96994301740690e-03
24 86 -4.30131249491167e-03
24 5 -1.49855434271463e-03
24 241 4.02234363161966e-03
24 240 4.02234363161957e-03
24 239 -2.96209222302458e-03
24 238 -5.19567533727537e-03
24 237 -2.96209222302466e-03
24 236 -5.03853813921283e-03
24 235 4.78035274427191e-03
24 234 4.78035274427181e-03
24 233 -5.03853813921258e-03
24 172 1.96994301740688e-03
24 171 1.50423094770822e-03
24 170 4.52111637152936e-05
24 169 -1.60404554832284e-03
24 168 2.48414675870839e-03
24 167 2.48414675870836e-03
24 166 -1.60404554832284e-03
24 165 4.52111637153019e-05
24 164 1.50423094770809e-03
24 163 1.96994301740690e-03
24 242 -4.30131249491167e-03
24 131 -1.49855434271463e-03
25 25 3.10720949381631e-02
25 22 2.53476969436167e-04
25 23 1.68966460789144e-03
25 24 -6.78135235065009e-03
25 26 -1.11205835799141e-02
25 3 -4.43733363334806e-04
25 4 5.59300044204001e-03
25 85 4.21195198085737e-03
25 84 1.90843700163228e-03
25 83 -8.44187916047694e-03
25 82 -9.51552014923101e-04
25 81 5.57122958432672e-03
25 80 1.22896076296483e-02
25 79 -6.50497843570766e-03
25 78 2.35133932230545e-03
25 77 1.41125055987706e-03
25 32 -4.38523083129520e-04
25 33 -2.28852988841567e-03
25 34 -1.60404554832290e-03
25 35 -2.98470121334416e-04
25 36 1.24799011017779e-03
25 31 2.34384911033301e-03
25 30 -2.28852988841562e-03
25 29 1.50423094770815e-03
25 28 1.72208333611393e-03
25 27 -5.52629305202975e-03
25 86 -3.02508729231877e-03
25 5 -1.08312031092047e-03
25 241 1.90843700163205e-03
25 240 4.21195198085707e-03
25 239 5.57122958432672e-03
25 238 -9.51552014922856e-04
25 237 -8.44187916047709e-03
25 236 1.41125055987752e-03
25 235 2.35133932230549e-03
25 234 -6.50497843570754e-03
25 233 1.22896076296486e-02
25 172 -5.52629305202979e-03
25 171 1.72208333611389e-03
25 170 1.50423094770813e-03
25 169 -2.28852988841572e-03
25 168 2.34384911033294e-03
25 167 1.24799011017775e-03
25 166 -2.98470121334454e-04
25 165 -1.60404554832280e-03
25 164 -2.28852988841561e-03
25 163 -4.38523083129506e-04
25 242 -3.02508729231844e-03
25 131 -1.08312031092039e-03
26 26 2.57537990804510e-02
26 22 -1.60430365027003e-03
26 23 2.53476969436168e-04
26 24 4.37443403793582e-03
26 25 -1.11205835799141e-02
26 3 9.92289448398778e-04
26 4 -7.70197340786706e-03
26 85 -2.10223293567475e-03
26 84 -4.07177169569716e-03
26 83 7.69288895823806e-03
26 82 -1.92140596357818e-03
26 81 -6.09065536698107e-03
26 80 -1.16597985696756e-02
26 79 1.13631356844887e-02
26 78 -3.79606808812875e-03
26 77 -2.12639427820590e-04
26 32 -3.54319235357610e-05
26 33 2.34384911033296e-03
26 34 2.48414675870839e-03
26 35 1.24799011017772e-03
