252 647 252 647
252 252 2.38103031150953e+05
252 616 -4.12019716380689e+03
252 615 -2.24352513557703e+04
252 614 1.79170694366034e+04
252 613 -2.45457276135192e+03
252 612 2.23006369605185e+02
252 611 4.58076788505317e+04
252 610 -3.81587169772468e+04
252 609 -1.11984583598339e+03
252 608 -1.81875477360801e+03
252 607 -1.08641182257605e+04
252 606 -2.23793188814072e+02
252 605 -7.41333215042469e+04
252 604 5.46290079411585e+04
252 603 2.17851213694182e+03
252 602 7.89424513719673e+03
252 601 4.84658984556390e+03
252 600 -9.30548921559486e+02
252 599 -9.29510957415352e+03
252 598 -6.93984340903158e+02
252 597 1.07116565819519e+05
252 596 4.36808690608877e+04
252 595 7.04651345660604e+03
252 594 -5.32534068080734e+04
252 593 -6.37622939997089e+03
252 592 2.23520041988117e+04
252 591 9.69883244883072e+03
252 590 -8.12420664915163e+03
252 589 -1.40794813348898e+04
252 588 3.05332088038589e+03
252 336 7.03325835606075e+03
252 337 5.56391768873097e+03
252 338 6.25366611972826e+03
252 339 6.69729634633099e+03
252 340 7.07590888811445e+02
252 341 -1.26190459016309e+03
252 377 7.44335922728780e+03
252 376 -3.32316206347929e+03
252 375 -2.45457276135102e+03
252 374 2.23156639174464e+03
252 373 -2.24352513557692e+04
252 372 4.51818191916721e+03
252 371 -1.08641182257607e+04
252 370 1.10879114145753e+04
252 369 -1.11984583598406e+03
252 368 2.93860060959176e+03
252 367 4.58076788505313e+04
252 366 -7.64896187328473e+03
252 365 -9.29510957415335e+03
252 364 9.98909391505615e+03
252 363 4.84658984556388e+03
252 362 -3.91604092400381e+03
252 361 2.17851213694205e+03
252 360 -1.00727572741390e+04
252 359 -7.41333215042463e+04
252 358 1.95043135630879e+04
252 357 -1.40794813348900e+04
252 356 1.10261604545041e+04
252 355 9.69883244883077e+03
252 354 -1.57462579968027e+03
252 353 -6.37622939997082e+03
252 352 -1.59757747988413e+04
252 351 7.04651345660655e+03
252 350 4.62068933514666e+04
252 349 1.07116565819519e+05
252 348 -1.50797434880406e+05
252 264 -1.02471438311006e+05
252 265 4.10012327452450e+04
252 266 2.65185231130702e+03
252 267 -2.26916843378430e+04
252 268 2.01693493457049e+04
252 269 -7.03325835606102e+03
252 263 -1.26190459016327e+03
252 262 7.07590888809563e+02
252 261 6.69729634633117e+03
252 260 6.25366611972839e+03
252 259 5.56391768873063e+03
252 258 7.03325835606117e+03
252 257 1.15789684750569e+04
252 256 -3.40653054701340e+04
252 255 5.08084848491959e+04
252 254 -3.90780013356481e+04
252 253 -5.74745606114904e+03
252 617 7.44335922728561e+03
252 60 -7.03325835606067e+03
252 61 2.01693493457060e+04
252 62 -2.26916843378432e+04
252 63 2.65185231130675e+03
252 64 4.10012327452459e+04
252 65 -1.02471438311006e+05
253 253 4.50883427007860e+05
253 616 -8.82625357021102e+03
253 615 -1.12989512185977e+04
253 614 1.93344085266012e+04
253 613 -2.03488310725995e+04
253 612 1.81487735264008e+03
253 611 4.60506988304113e+03
253 610 -1.62385477074172e+04
253 609 2.05769108247027e+04
253 608 -4.94399475038185e+03
253 607 1.11704747255420e+04
253 606 -6.81792383639021e+02
253 605 3.74379383211010e+04
253 604 -2.65235821491442e+04
253 603 -3.90606780909848e+04
253 602 8.17092211742936e+03
253 601 -2.25375372398628e+03
253 600 2.56349204623910e+03
253 599 9.40818439445632e+03
253 598 2.07824454494892e+03
253 597 -1.27610066323482e+05
253 596 1.44687708551591e+05
253 595 6.99160314503430e+04
253 594 2.14164990852132e+05
253 593 1.83432077677371e+04
253 592 -8.57458859781312e+04
253 591 -2.63489715290167e+04
253 590 3.46166432121723e+04
253 589 3.88656584607174e+04
253 588 -1.13225633182359e+04
253 336 -2.01693493457053e+04
253 337 -7.90659510956663e+03
253 338 -8.01266666455847e+03
253 339 -2.79663261875676e+03
253 340 1.12515335035118e+04
253 341 7.07590888812216e+02
253 377 3.60264707353455e+03
253 376 5.22360649667482e+03
253 375 -2.03488310726025e+04
253 374 1.85339537199629e+04
253 373 -1.12989512185983e+04
253 372 -8.03545730800349e+03
253 371 1.11704747255440e+04
253 370 -1.04886823419043e+04
253 369 2.05769108247017e+04
253 368 -1.56329160743211e+04
253 367 4.60506988304279e+03
253 366 1.16334778243752e+04
253 365 9.40818439445475e+03
253 364 -1.14864289394045e+04
253 363 -2.25375372398603e+03
253 362 -3.09738322252557e+02
253 361 -3.90606780909841e+04
253 360 3.08897559735552e+04
253 359 3.74379383210979e+04
253 358 -1.09143561719553e+04
253 357 3.88656584607178e+04
253 356 -2.75430951424804e+04
253 355 -2.63489715290165e+04
253 354 -8.26767168315658e+03
253 353 1.83432077677367e+04
253 352 6.74026782103937e+04
253 351 6.99160314503424e+04
253 350 -2.84081022302472e+05
253 349 -1.27610066323481e+05
253 348 -1.70776422281098e+04
253 264 4.10012327452453e+04
253 265 1.38099772455450e+04
253 266 -2.12137793461706e+04
253 267 3.98114033829964e+03
253 268 7.90659510956777e+03
253 269 -5.56391768873165e+03
253 263 7.07590888812125e+02
253 262 1.12515335035147e+04
253 261 -2.79663261875629e+03
253 260 -8.01266666455953e+03
253 259 -7.90659510956525e+03
253 258 -2.01693493457059e+04
253 257 -3.40653054701340e+04
253 256 9.82265013524446e+04
253 255 -1.35165252294174e+05
253 254 9.23229233508302e+04
253 617 3.60264707353672e+03
253 252 -5.74745606114904e+03
253 60 -5.56391768873214e+03
253 61 7.90659510956627e+03
253 62 3.98114033830004e+03
253 63 -2.12137793461703e+04
253 64 1.38099772455431e+04
253 65 4.10012327452461e+04
254 254 4.91185064129654e+05
254 616 -1.14454532734268e+04
254 615 -1.39361276332186e+04
254 614 2.62721851275936e+04
254 613 6.99712695327940e+03
254 612 5.08311295725394e+03
254 611 -6.82717604418464e+03
254 610 -3.43944961463815e+03
254 609 7.55734305718416e+03
254 608 -2.00681339356799e+04
254 607 1.87175134458690e+04
254 606 1.53107698903247e+03
254 605 5.21950006771194e+04
254 604 -4.36479059222751e+04
254 603 2.12232714121230e+03
254 602 -5.43963382058711e+03
254 601 -3.68033229655841e+04
254 600 1.42998206671965e+04
254 599 2.15255245810090e+04
254 598 -5.64426927692761e+03
254 597 4.00833395296465e+03
254 596 -3.37113185206263e+04
254 595 -7.03038366724681e+04
254 594 1.98436989129327e+05
254 593 5.59716811198565e+04
254 592 2.17596959837050e+05
254 591 2.41106069658569e+04
254 590 -8.11123711051974e+04
254 589 -4.14615071249859e+04
254 588 2.45585593826741e+04
254 336 2.26916843378441e+04
254 337 -3.98114033829980e+03
254 338 -9.86695028424884e+03
254 339 -1.06348096805995e+04
254 340 -2.79663261875584e+03
254 341 6.69729634633099e+03
254 377 -2.00620682579583e+03
254 376 1.34516600992217e+04
254 375 6.99712695328033e+03
254 374 -1.20802399105333e+04
254 373 -1.39361276332166e+04
254 372 -1.23360574943751e+04
254 371 1.87175134458713e+04
254 370 -2.02485904349043e+04
254 369 7.55734305718351e+03
254 368 1.25107908784960e+04
254 367 -6.82717604418446e+03
254 366 1.02666256588233e+04
254 365 2.15255245810094e+04
254 364 -1.58812553040817e+04
254 363 -3.68033229655848e+04
254 362 2.25035022983888e+04
254 361 2.12232714121298e+03
254 360 3.31730667937394e+03
254 359 5.21950006771179e+04
254 358 -8.54709475484459e+03
254 357 -4.14615071249858e+04
254 356 1.69029477423121e+04
254 355 2.41106069658570e+04
254 354 5.70017641393414e+04
254 353 5.59716811198570e+04
254 352 -2.73568640956908e+05
254 351 -7.03038366724686e+04
254 350 -1.28133152456857e+05
254 349 4.00833395296536e+03
254 348 2.97029845676618e+04
254 264 2.65185231130639e+03
254 265 -2.12137793461681e+04
254 266 -1.70407521846040e+04
254 267 9.86695028424697e+03
254 268 8.01266666455930e+03
254 269 -6.25366611972708e+03
254 263 6.69729634633076e+03
254 262 -2.79663261875560e+03
254 261 -1.06348096806011e+04
254 260 -9.86695028424986e+03
254 259 -3.98114033829969e+03
254 258 2.26916843378437e+04
254 257 5.08084848491959e+04
254 256 -1.35165252294174e+05
254 255 1.54420575322450e+05
254 617 -2.00620682579571e+03
254 253 9.23229233508302e+04
254 252 -3.90780013356481e+04
254 60 -6.25366611972755e+03
254 61 8.01266666456060e+03
254 62 9.86695028424839e+03
254 63 -1.70407521846049e+04
254 64 -2.12137793461688e+04
254 65 2.65185231130677e+03
255 255 4.91185064129654e+05
255 616 -1.34516600992217e+04
255 615 -6.99712695328033e+03
255 614 1.20802399105333e+04
255 613 1.39361276332166e+04
255 612 1.23360574943751e+04
255 611 -1.87175134458713e+04
255 610 2.02485904349043e+04
255 609 -7.55734305718351e+03
255 608 -1.25107908784960e+04
255 607 6.82717604418446e+03
255 606 -1.02666256588233e+04
255 605 -2.15255245810094e+04
255 604 1.58812553040817e+04
255 603 3.68033229655848e+04
255 602 -2.25035022983888e+04
255 601 -2.12232714121298e+03
255 600 -3.31730667937394e+03
255 599 -5.21950006771179e+04
255 598 8.54709475484459e+03
255 597 4.14615071249858e+04
255 596 -1.69029477423121e+04
255 595 -2.41106069658570e+04
255 594 -5.70017641393414e+04
255 593 -5.59716811198570e+04
255 592 2.73568640956908e+05
255 591 7.03038366724686e+04
255 590 1.28133152456857e+05
255 589 -4.00833395296536e+03
255 588 -2.97029845676618e+04
255 336 -2.65185231130639e+03
255 337 2.12137793461681e+04
255 338 1.70407521846040e+04
255 339 -9.86695028424697e+03
255 340 -8.01266666455930e+03
255 341 6.25366611972708e+03
255 377 2.00620682579571e+03
255 376 1.14454532734268e+04
255 375 1.39361276332186e+04
255 374 -2.62721851275936e+04
255 373 -6.99712695327941e+03
255 372 -5.08311295725394e+03
255 371 6.82717604418464e+03
255 370 3.43944961463816e+03
255 369 -7.55734305718416e+03
255 368 2.00681339356799e+04
255 367 -1.87175134458690e+04
255 366 -1.53107698903247e+03
255 365 -5.21950006771194e+04
255 364 4.36479059222751e+04
255 363 -2.12232714121230e+03
255 362 5.43963382058711e+03
255 361 3.68033229655841e+04
255 360 -1.42998206671965e+04
255 359 -2.15255245810090e+04
255 358 5.64426927692761e+03
255 357 -4.00833395296466e+03
255 356 3.37113185206263e+04
255 355 7.03038366724681e+04
255 354 -1.98436989129327e+05
255 353 -5.59716811198565e+04
255 352 -2.17596959837050e+05
255 351 -2.41106069658569e+04
255 350 8.11123711051974e+04
255 349 4.14615071249859e+04
255 348 -2.45585593826741e+04
255 264 -2.26916843378440e+04
255 265 3.98114033829980e+03
255 266 9.86695028424883e+03
255 267 1.06348096805995e+04
255 268 2.79663261875584e+03
255 269 -6.69729634633099e+03
255 263 6.25366611972754e+03
255 262 -8.01266666456060e+03
255 261 -9.86695028424839e+03
255 260 1.70407521846049e+04
255 259 2.12137793461688e+04
255 258 -2.65185231130677e+03
255 257 -3.90780013356481e+04
255 256 9.23229233508302e+04
255 617 2.00620682579583e+03
255 254 1.54420575322450e+05
255 253 -1.35165252294174e+05
255 252 5.08084848491959e+04
255 60 -6.69729634633076e+03
255 61 2.79663261875560e+03
255 62 1.06348096806011e+04
255 63 9.86695028424986e+03
255 64 3.98114033829968e+03
255 65 -2.26916843378437e+04
256 256 4.50883427007860e+05
256 616 -5.22360649667482e+03
256 615 2.03488310726025e+04
256 614 -1.85339537199629e+04
256 613 1.12989512185983e+04
256 612 8.03545730800349e+03
256 611 -1.11704747255440e+04
256 610 1.04886823419043e+04
256 609 -2.05769108247017e+04
256 608 1.56329160743211e+04
256 607 -4.60506988304279e+03
256 606 -1.16334778243752e+04
256 605 -9.40818439445475e+03
256 604 1.14864289394045e+04
256 603 2.25375372398603e+03
256 602 3.09738322252554e+02
256 601 3.90606780909841e+04
256 600 -3.08897559735553e+04
256 599 -3.74379383210979e+04
256 598 1.09143561719553e+04
256 597 -3.88656584607178e+04
256 596 2.75430951424804e+04
256 595 2.63489715290165e+04
256 594 8.26767168315658e+03
256 593 -1.83432077677367e+04
256 592 -6.74026782103937e+04
256 591 -6.99160314503424e+04
256 590 2.84081022302472e+05
256 589 1.27610066323481e+05
256 588 1.70776422281098e+04
256 336 -4.10012327452453e+04
256 337 -1.38099772455450e+04
256 338 2.12137793461706e+04
256 339 -3.98114033829964e+03
256 340 -7.90659510956777e+03
256 341 5.56391768873165e+03
256 377 -3.60264707353672e+03
256 376 8.82625357021102e+03
256 375 1.12989512185977e+04
256 374 -1.93344085266012e+04
256 373 2.03488310725995e+04
256 372 -1.81487735264007e+03
256 371 -4.60506988304114e+03
256 370 1.62385477074172e+04
256 369 -2.05769108247027e+04
256 368 4.94399475038184e+03
256 367 -1.11704747255420e+04
256 366 6.81792383639020e+02
256 365 -3.74379383211010e+04
256 364 2.65235821491442e+04
256 363 3.90606780909848e+04
256 362 -8.17092211742936e+03
256 361 2.25375372398628e+03
256 360 -2.56349204623910e+03
256 359 -9.40818439445632e+03
256 358 -2.07824454494892e+03
256 357 1.27610066323482e+05
256 356 -1.44687708551591e+05
256 355 -6.99160314503430e+04
256 354 -2.14164990852132e+05
256 353 -1.83432077677371e+04
256 352 8.57458859781312e+04
256 351 2.63489715290166e+04
256 350 -3.46166432121723e+04
256 349 -3.88656584607174e+04
256 348 1.13225633182359e+04
256 264 2.01693493457053e+04
256 265 7.90659510956663e+03
256 266 8.01266666455847e+03
256 267 2.79663261875675e+03
256 268 -1.12515335035118e+04
256 269 -7.07590888812215e+02
256 263 5.56391768873214e+03
256 262 -7.90659510956627e+03
256 261 -3.98114033830004e+03
256 260 2.12137793461703e+04
256 259 -1.38099772455431e+04
256 258 -4.10012327452461e+04
256 257 -5.74745606114904e+03
256 617 -3.60264707353455e+03
256 255 9.23229233508302e+04
256 254 -1.35165252294174e+05
256 253 9.82265013524446e+04
256 252 -3.40653054701340e+04
256 60 -7.07590888812125e+02
256 61 -1.12515335035147e+04
256 62 2.79663261875629e+03
256 63 8.01266666455953e+03
256 64 7.90659510956525e+03
256 65 2.01693493457059e+04
257 257 2.38103031150953e+05
257 616 3.32316206347929e+03
257 615 2.45457276135102e+03
257 614 -2.23156639174464e+03
257 613 2.24352513557692e+04
257 612 -4.51818191916721e+03
257 611 1.08641182257607e+04
257 610 -1.10879114145753e+04
257 609 1.11984583598406e+03
257 608 -2.93860060959176e+03
257 607 -4.58076788505313e+04
257 606 7.64896187328473e+03
257 605 9.29510957415335e+03
257 604 -9.98909391505615e+03
257 603 -4.84658984556388e+03
257 602 3.91604092400381e+03
257 601 -2.17851213694205e+03
257 600 1.00727572741390e+04
257 599 7.41333215042463e+04
257 598 -1.95043135630879e+04
257 597 1.40794813348900e+04
257 596 -1.10261604545041e+04
257 595 -9.69883244883077e+03
257 594 1.57462579968027e+03
257 593 6.37622939997082e+03
257 592 1.59757747988413e+04
257 591 -7.04651345660655e+03
257 590 -4.62068933514666e+04
257 589 -1.07116565819519e+05
257 588 1.50797434880406e+05
257 336 1.02471438311006e+05
257 337 -4.10012327452450e+04
257 338 -2.65185231130701e+03
257 339 2.26916843378430e+04
257 340 -2.01693493457049e+04
257 341 7.03325835606103e+03
257 377 -7.44335922728561e+03
257 376 4.12019716380689e+03
257 375 2.24352513557703e+04
257 374 -1.79170694366034e+04
257 373 2.45457276135192e+03
257 372 -2.23006369605186e+02
257 371 -4.58076788505317e+04
257 370 3.81587169772468e+04
257 369 1.11984583598339e+03
257 368 1.81875477360800e+03
257 367 1.08641182257605e+04
257 366 2.23793188814072e+02
257 365 7.41333215042469e+04
257 364 -5.46290079411585e+04
257 363 -2.17851213694182e+03
257 362 -7.89424513719673e+03
257 361 -4.84658984556390e+03
257 360 9.30548921559488e+02
257 359 9.29510957415352e+03
257 358 6.93984340903157e+02
257 357 -1.07116565819519e+05
257 356 -4.36808690608877e+04
257 355 -7.04651345660604e+03
257 354 5.32534068080734e+04
257 353 6.37622939997089e+03
257 352 -2.23520041988117e+04
257 351 -9.69883244883072e+03
257 350 8.12420664915163e+03
257 349 1.40794813348898e+04
257 348 -3.05332088038588e+03
257 264 -7.03325835606074e+03
257 265 -5.56391768873097e+03
257 266 -6.25366611972826e+03
257 267 -6.69729634633099e+03
257 268 -7.07590888811445e+02
257 269 1.26190459016309e+03
257 263 7.03325835606067e+03
257 262 -2.01693493457060e+04
257 261 2.26916843378432e+04
257 260 -2.65185231130675e+03
257 259 -4.10012327452459e+04
257 258 1.02471438311006e+05
257 617 -7.44335922728780e+03
257 256 -5.74745606114904e+03
257 255 -3.90780013356481e+04
257 254 5.08084848491959e+04
257 253 -3.40653054701340e+04
257 252 1.15789684750569e+04
257 60 1.26190459016327e+03
257 61 -7.07590888809563e+02
257 62 -6.69729634633117e+03
257 63 -6.25366611972839e+03
257 64 -5.56391768873063e+03
257 65 -7.03325835606117e+03
258 258 2.38103031150953e+05
258 556 -1.50797434880406e+05
258 555 -5.32534068080741e+04
258 554 4.62068933514681e+04
258 553 5.46290079411590e+04
258 552 1.95043135630883e+04
258 551 2.23520041988121e+04
258 550 -1.59757747988413e+04
258 549 7.89424513719696e+03
258 548 -1.00727572741390e+04
258 547 -3.81587169772476e+04
258 546 -7.64896187328472e+03
258 545 -8.12420664915021e+03
258 544 -1.57462579968052e+03
258 543 -9.30548921560630e+02
258 542 -3.91604092400360e+03
258 541 -1.81875477360702e+03
258 540 2.93860060959129e+03
258 539 1.79170694366021e+04
258 538 4.51818191916682e+03
258 537 3.05332088038449e+03
258 536 1.10261604545052e+04
258 535 -6.93984340902314e+02
258 534 9.98909391505722e+03
258 533 -2.23793188814591e+02
258 532 1.10879114145732e+04
258 531 2.23006369605314e+02
258 530 2.23156639174770e+03
258 529 -4.12019716380692e+03
258 528 -3.32316206347877e+03
258 335 -7.03325835606058e+03
258 334 2.01693493457055e+04
258 333 -2.26916843378440e+04
258 332 2.65185231130676e+03
258 331 4.10012327452460e+04
258 330 -1.02471438311006e+05
258 312 7.03325835606067e+03
258 313 5.56391768873214e+03
258 314 6.25366611972755e+03
258 315 6.69729634633076e+03
258 316 7.07590888812125e+02
258 317 -1.26190459016327e+03
258 377 1.10261604545052e+04
258 376 3.05332088038436e+03
258 375 -1.57462579967939e+03
258 374 -8.12420664915128e+03
258 373 9.98909391505636e+03
258 372 -6.93984340902153e+02
258 371 -1.59757747988407e+04
258 370 2.23520041988113e+04
258 369 -3.91604092400415e+03
258 368 -9.30548921559878e+02
258 367 1.10879114145746e+04
258 366 -2.23793188814967e+02
258 365 4.62068933514675e+04
258 364 -5.32534068080734e+04
258 363 -1.00727572741388e+04
258 362 7.89424513719706e+03
258 361 2.93860060959128e+03
258 360 -1.81875477360766e+03
258 359 2.23156639174712e+03
258 358 2.23006369605923e+02
258 357 -1.50797434880406e+05
258 356 4.36808690608872e+04
258 355 1.95043135630883e+04
258 354 5.46290079411590e+04
258 353 -7.64896187328455e+03
258 352 -3.81587169772476e+04
258 351 4.51818191916682e+03
258 350 1.79170694366029e+04
258 349 -3.32316206347853e+03
258 348 -4.12019716380782e+03
258 264 1.26190459016314e+03
258 265 -7.07590888811515e+02
258 266 -6.69729634633137e+03
258 267 -6.25366611972771e+03
258 268 -5.56391768873164e+03
258 269 -7.03325835606069e+03
258 263 1.15789684750554e+04
258 262 -3.40653054701345e+04
258 261 5.08084848491962e+04
258 260 -3.90780013356486e+04
258 259 -5.74745606115010e+03
258 557 4.36808690608872e+04
258 257 1.02471438311006e+05
258 256 -4.10012327452461e+04
258 255 -2.65185231130677e+03
258 254 2.26916843378437e+04
258 253 -2.01693493457059e+04
258 252 7.03325835606117e+03
259 259 4.50883427007861e+05
259 556 -1.70776422281081e+04
259 555 2.14164990852133e+05
259 554 -2.84081022302476e+05
259 553 -2.65235821491450e+04
259 552 -1.09143561719566e+04
259 551 -8.57458859781293e+04
259 550 6.74026782103923e+04
259 549 8.17092211742676e+03
259 548 3.08897559735575e+04
259 547 -1.62385477074130e+04
259 546 1.16334778243751e+04
259 545 3.46166432121739e+04
259 544 -8.26767168315705e+03
259 543 2.56349204623815e+03
259 542 -3.09738322251276e+02
259 541 -4.94399475037963e+03
259 540 -1.56329160743236e+04
259 539 1.93344085265968e+04
259 538 -8.03545730800176e+03
259 537 -1.13225633182370e+04
259 536 -2.75430951424812e+04
259 535 2.07824454494955e+03
259 534 -1.14864289394063e+04
259 533 -6.81792383639338e+02
259 532 -1.04886823419048e+04
259 531 1.81487735263978e+03
259 530 1.85339537199652e+04
259 529 -8.82625357020838e+03
259 528 5.22360649667065e+03
259 335 -5.56391768873020e+03
259 334 7.90659510956382e+03
259 333 3.98114033830126e+03
259 332 -2.12137793461689e+04
259 331 1.38099772455423e+04
259 330 4.10012327452466e+04
259 312 -2.01693493457060e+04
259 313 -7.90659510956627e+03
259 314 -8.01266666456060e+03
259 315 -2.79663261875560e+03
259 316 1.12515335035147e+04
259 317 7.07590888809563e+02
259 377 -2.75430951424809e+04
259 376 -1.13225633182364e+04
259 375 -8.26767168315901e+03
259 374 3.46166432121752e+04
259 373 -1.14864289394039e+04
259 372 2.07824454494914e+03
259 371 6.74026782103909e+04
259 370 -8.57458859781275e+04
259 369 -3.09738322250610e+02
259 368 2.56349204623680e+03
259 367 -1.04886823419065e+04
259 366 -6.81792383638617e+02
259 365 -2.84081022302473e+05
259 364 2.14164990852130e+05
259 363 3.08897559735558e+04
259 362 8.17092211742806e+03
259 361 -1.56329160743221e+04
259 360 -4.94399475037942e+03
259 359 1.85339537199634e+04
259 358 1.81487735263889e+03
259 357 -1.70776422281081e+04
259 356 1.44687708551590e+05
259 355 -1.09143561719571e+04
259 354 -2.65235821491427e+04
259 353 1.16334778243758e+04
259 352 -1.62385477074157e+04
259 351 -8.03545730800345e+03
259 350 1.93344085265981e+04
259 349 5.22360649667323e+03
259 348 -8.82625357020809e+03
259 264 -7.07590888811311e+02
259 265 -1.12515335035145e+04
259 266 2.79663261875739e+03
259 267 8.01266666455981e+03
259 268 7.90659510956537e+03
259 269 2.01693493457056e+04
259 263 -3.40653054701345e+04
259 262 9.82265013524462e+04
259 261 -1.35165252294171e+05
259 260 9.23229233508322e+04
259 557 1.44687708551591e+05
259 258 -5.74745606115010e+03
259 257 -4.10012327452459e+04
259 256 -1.38099772455431e+04
259 255 2.12137793461688e+04
259 254 -3.98114033829969e+03
259 253 -7.90659510956525e+03
259 252 5.56391768873063e+03
260 260 4.91185064129654e+05
260 556 2.97029845676622e+04
260 555 1.98436989129326e+05
260 554 -1.28133152456858e+05
260 553 -4.36479059222747e+04
260 552 -8.54709475484494e+03
260 551 2.17596959837048e+05
260 550 -2.73568640956905e+05
260 549 -5.43963382058567e+03
260 548 3.31730667937352e+03
260 547 -3.43944961464013e+03
260 546 1.02666256588238e+04
260 545 -8.11123711051947e+04
260 544 5.70017641393384e+04
260 543 1.42998206671955e+04
260 542 2.25035022983881e+04
260 541 -2.00681339356795e+04
260 540 1.25107908784965e+04
260 539 2.62721851275931e+04
260 538 -1.23360574943762e+04
260 537 2.45585593826747e+04
260 536 1.69029477423101e+04
260 535 -5.64426927692905e+03
260 534 -1.58812553040799e+04
260 533 1.53107698903347e+03
260 532 -2.02485904349033e+04
260 531 5.08311295725311e+03
260 530 -1.20802399105346e+04
260 529 -1.14454532734259e+04
260 528 1.34516600992232e+04
260 335 -6.25366611972691e+03
260 334 8.01266666456027e+03
260 333 9.86695028424691e+03
260 332 -1.70407521846052e+04
260 331 -2.12137793461685e+04
260 330 2.65185231130718e+03
260 312 2.26916843378432e+04
260 313 -3.98114033830004e+03
260 314 -9.86695028424839e+03
260 315 -1.06348096806011e+04
260 316 -2.79663261875629e+03
260 317 6.69729634633117e+03
260 377 1.69029477423104e+04
260 376 2.45585593826755e+04
260 375 5.70017641393414e+04
260 374 -8.11123711051984e+04
260 373 -1.58812553040823e+04
260 372 -5.64426927692819e+03
260 371 -2.73568640956907e+05
260 370 2.17596959837050e+05
260 369 2.25035022983865e+04
260 368 1.42998206671973e+04
260 367 -2.02485904348988e+04
260 366 1.53107698903217e+03
260 365 -1.28133152456860e+05
260 364 1.98436989129328e+05
260 363 3.31730667937568e+03
260 362 -5.43963382058733e+03
260 361 1.25107908784957e+04
260 360 -2.00681339356810e+04
260 359 -1.20802399105359e+04
260 358 5.08311295725553e+03
260 357 2.97029845676619e+04
260 356 -3.37113185206266e+04
260 355 -8.54709475484420e+03
260 354 -4.36479059222774e+04
260 353 1.02666256588225e+04
260 352 -3.43944961463563e+03
260 351 -1.23360574943745e+04
260 350 2.62721851275935e+04
260 349 1.34516600992218e+04
260 348 -1.14454532734288e+04
260 264 -6.69729634633103e+03
260 265 2.79663261875790e+03
260 266 1.06348096805984e+04
260 267 9.86695028424788e+03
260 268 3.98114033830148e+03
260 269 -2.26916843378440e+04
260 263 5.08084848491962e+04
260 262 -1.35165252294171e+05
260 261 1.54420575322449e+05
260 557 -3.37113185206258e+04
260 259 9.23229233508322e+04
260 258 -3.90780013356486e+04
260 257 -2.65185231130675e+03
260 256 2.12137793461703e+04
260 255 1.70407521846049e+04
260 254 -9.86695028424986e+03
260 253 -8.01266666455953e+03
260 252 6.25366611972839e+03
261 261 4.91185064129654e+05
261 556 -2.45585593826755e+04
261 555 -5.70017641393414e+04
261 554 8.11123711051985e+04
261 553 1.58812553040823e+04
261 552 5.64426927692819e+03
261 551 2.73568640956907e+05
261 550 -2.17596959837050e+05
261 549 -2.25035022983865e+04
261 548 -1.42998206671973e+04
261 547 2.02485904348988e+04
261 546 -1.53107698903218e+03
261 545 1.28133152456860e+05
261 544 -1.98436989129328e+05
261 543 -3.31730667937569e+03
261 542 5.43963382058733e+03
261 541 -1.25107908784957e+04
261 540 2.00681339356810e+04
261 539 1.20802399105359e+04
261 538 -5.08311295725553e+03
261 537 -2.97029845676619e+04
261 536 3.37113185206266e+04
261 535 8.54709475484420e+03
261 534 4.36479059222774e+04
261 533 -1.02666256588225e+04
261 532 3.43944961463563e+03
261 531 1.23360574943745e+04
261 530 -2.62721851275935e+04
261 529 -1.34516600992218e+04
261 528 1.14454532734288e+04
261 335 -6.69729634633103e+03
261 334 2.79663261875790e+03
261 333 1.06348096805984e+04
261 332 9.86695028424788e+03
261 331 3.98114033830148e+03
261 330 -2.26916843378440e+04
261 312 -2.65185231130675e+03
261 313 2.12137793461703e+04
261 314 1.70407521846049e+04
261 315 -9.86695028424986e+03
261 316 -8.01266666455953e+03
261 317 6.25366611972839e+03
261 377 3.37113185206258e+04
261 376 -2.97029845676622e+04
261 375 -1.98436989129326e+05
261 374 1.28133152456858e+05
261 373 4.36479059222747e+04
261 372 8.54709475484494e+03
261 371 -2.17596959837048e+05
261 370 2.73568640956905e+05
261 369 5.43963382058567e+03
261 368 -3.31730667937352e+03
261 367 3.43944961464013e+03
261 366 -1.02666256588238e+04
261 365 8.11123711051947e+04
261 364 -5.70017641393384e+04
261 363 -1.42998206671955e+04
261 362 -2.25035022983881e+04
261 361 2.00681339356795e+04
261 360 -1.25107908784965e+04
261 359 -2.62721851275931e+04
261 358 1.23360574943762e+04
261 357 -2.45585593826747e+04
261 356 -1.69029477423100e+04
261 355 5.64426927692905e+03
261 354 1.58812553040799e+04
261 353 -1.53107698903347e+03
261 352 2.02485904349033e+04
261 351 -5.08311295725311e+03
261 350 1.20802399105346e+04
261 349 1.14454532734259e+04
261 348 -1.34516600992232e+04
261 264 -6.25366611972691e+03
261 265 8.01266666456027e+03
261 266 9.86695028424691e+03
261 267 -1.70407521846052e+04
261 268 -2.12137793461685e+04
261 269 2.65185231130718e+03
261 263 -3.90780013356486e+04
261 262 9.23229233508322e+04
261 557 -1.69029477423104e+04
261 260 1.54420575322449e+05
261 259 -1.35165252294171e+05
261 258 5.08084848491962e+04
261 257 2.26916843378432e+04
261 256 -3.98114033830004e+03
261 255 -9.86695028424839e+03
261 254 -1.06348096806011e+04
261 253 -2.79663261875629e+03
261 252 6.69729634633117e+03
262 262 4.50883427007861e+05
262 556 1.13225633182364e+04
262 555 8.26767168315901e+03
262 554 -3.46166432121752e+04
262 553 1.14864289394039e+04
262 552 -2.07824454494914e+03
262 551 -6.74026782103909e+04
262 550 8.57458859781276e+04
262 549 3.09738322250605e+02
262 548 -2.56349204623680e+03
262 547 1.04886823419065e+04
262 546 6.81792383638619e+02
262 545 2.84081022302473e+05
262 544 -2.14164990852130e+05
262 543 -3.08897559735558e+04
262 542 -8.17092211742806e+03
262 541 1.56329160743221e+04
262 540 4.94399475037942e+03
262 539 -1.85339537199634e+04
262 538 -1.81487735263889e+03
262 537 1.70776422281081e+04
262 536 -1.44687708551590e+05
262 535 1.09143561719571e+04
262 534 2.65235821491427e+04
262 533 -1.16334778243758e+04
262 532 1.62385477074157e+04
262 531 8.03545730800345e+03
262 530 -1.93344085265981e+04
262 529 -5.22360649667323e+03
262 528 8.82625357020809e+03
262 335 -7.07590888811313e+02
262 334 -1.12515335035145e+04
262 333 2.79663261875739e+03
262 332 8.01266666455981e+03
262 331 7.90659510956537e+03
262 330 2.01693493457056e+04
262 312 -4.10012327452459e+04
262 313 -1.38099772455431e+04
262 314 2.12137793461688e+04
262 315 -3.98114033829968e+03
262 316 -7.90659510956525e+03
262 317 5.56391768873063e+03
262 377 -1.44687708551591e+05
262 376 1.70776422281081e+04
262 375 -2.14164990852133e+05
262 374 2.84081022302476e+05
262 373 2.65235821491450e+04
262 372 1.09143561719566e+04
262 371 8.57458859781293e+04
262 370 -6.74026782103923e+04
262 369 -8.17092211742676e+03
262 368 -3.08897559735575e+04
262 367 1.62385477074130e+04
262 366 -1.16334778243751e+04
262 365 -3.46166432121739e+04
262 364 8.26767168315705e+03
262 363 -2.56349204623815e+03
262 362 3.09738322251275e+02
262 361 4.94399475037963e+03
262 360 1.56329160743236e+04
262 359 -1.93344085265968e+04
262 358 8.03545730800176e+03
262 357 1.13225633182370e+04
262 356 2.75430951424812e+04
262 355 -2.07824454494955e+03
262 354 1.14864289394063e+04
262 353 6.81792383639338e+02
262 352 1.04886823419048e+04
262 351 -1.81487735263978e+03
262 350 -1.85339537199652e+04
262 349 8.82625357020838e+03
262 348 -5.22360649667064e+03
262 264 -5.56391768873020e+03
262 265 7.90659510956382e+03
262 266 3.98114033830127e+03
262 267 -2.12137793461689e+04
262 268 1.38099772455423e+04
262 269 4.10012327452466e+04
262 263 -5.74745606115010e+03
262 557 2.75430951424809e+04
262 261 9.23229233508322e+04
262 260 -1.35165252294171e+05
262 259 9.82265013524462e+04
262 258 -3.40653054701345e+04
262 257 -2.01693493457060e+04
262 256 -7.90659510956627e+03
262 255 -8.01266666456060e+03
262 254 -2.79663261875560e+03
262 253 1.12515335035147e+04
262 252 7.07590888809563e+02
263 263 2.38103031150953e+05
263 556 -3.05332088038436e+03
263 555 1.57462579967939e+03
263 554 8.12420664915129e+03
263 553 -9.98909391505636e+03
263 552 6.93984340902153e+02
263 551 1.59757747988407e+04
263 550 -2.23520041988114e+04
263 549 3.91604092400415e+03
263 548 9.30548921559879e+02
263 547 -1.10879114145746e+04
263 546 2.23793188814967e+02
263 545 -4.62068933514675e+04
263 544 5.32534068080734e+04
263 543 1.00727572741388e+04
263 542 -7.89424513719706e+03
263 541 -2.93860060959128e+03
263 540 1.81875477360766e+03
263 539 -2.23156639174712e+03
263 538 -2.23006369605924e+02
263 537 1.50797434880406e+05
263 536 -4.36808690608872e+04
263 535 -1.95043135630883e+04
263 534 -5.46290079411590e+04
263 533 7.64896187328455e+03
263 532 3.81587169772476e+04
263 531 -4.51818191916682e+03
263 530 -1.79170694366029e+04
263 529 3.32316206347853e+03
263 528 4.12019716380782e+03
263 335 1.26190459016314e+03
263 334 -7.07590888811516e+02
263 333 -6.69729634633137e+03
263 332 -6.25366611972771e+03
263 331 -5.56391768873164e+03
263 330 -7.03325835606069e+03
263 312 1.02471438311006e+05
263 313 -4.10012327452461e+04
263 314 -2.65185231130677e+03
263 315 2.26916843378437e+04
263 316 -2.01693493457059e+04
263 317 7.03325835606117e+03
263 377 -4.36808690608872e+04
263 376 1.50797434880406e+05
263 375 5.32534068080741e+04
263 374 -4.62068933514681e+04
263 373 -5.46290079411590e+04
263 372 -1.95043135630883e+04
263 371 -2.23520041988121e+04
263 370 1.59757747988413e+04
263 369 -7.89424513719696e+03
263 368 1.00727572741390e+04
263 367 3.81587169772476e+04
263 366 7.64896187328471e+03
263 365 8.12420664915021e+03
263 364 1.57462579968052e+03
263 363 9.30548921560629e+02
263 362 3.91604092400360e+03
263 361 1.81875477360702e+03
263 360 -2.93860060959129e+03
263 359 -1.79170694366020e+04
263 358 -4.51818191916682e+03
263 357 -3.05332088038449e+03
263 356 -1.10261604545052e+04
263 355 6.93984340902313e+02
263 354 -9.98909391505722e+03
263 353 2.23793188814591e+02
263 352 -1.10879114145732e+04
263 351 -2.23006369605314e+02
263 350 -2.23156639174770e+03
263 349 4.12019716380692e+03
263 348 3.32316206347876e+03
263 264 -7.03325835606058e+03
263 265 2.01693493457055e+04
263 266 -2.26916843378440e+04
263 267 2.65185231130676e+03
263 268 4.10012327452460e+04
263 269 -1.02471438311006e+05
263 557 -1.10261604545052e+04
263 262 -5.74745606115010e+03
263 261 -3.90780013356486e+04
263 260 5.08084848491962e+04
263 259 -3.40653054701345e+04
263 258 1.15789684750554e+04
263 257 7.03325835606067e+03
263 256 5.56391768873214e+03
263 255 6.25366611972754e+03
263 254 6.69729634633076e+03
263 253 7.07590888812125e+02
263 252 -1.26190459016327e+03
264 264 2.38103031150953e+05
264 586 1.07116565819519e+05
264 585 5.46290079411600e+04
264 584 -7.41333215042485e+04
264 583 -5.32534068080742e+04
264 582 7.04651345660631e+03
264 581 -3.81587169772473e+04
264 580 4.58076788505320e+04
264 579 7.89424513719627e+03
264 578 2.17851213694262e+03
264 577 2.23520041988127e+04
264 576 -6.37622939997103e+03
264 575 1.79170694366020e+04
264 574 -2.24352513557689e+04
264 573 -1.81875477360700e+03
264 572 -1.11984583598402e+03
264 571 -9.30548921560178e+02
264 570 4.84658984556348e+03
264 569 -8.12420664915118e+03
264 568 9.69883244883119e+03
264 567 -4.12019716380710e+03
264 566 7.44335922728561e+03
264 565 2.23006369605457e+02
264 564 -2.45457276135339e+03
264 563 -2.23793188814713e+02
264 562 -1.08641182257586e+04
264 561 -6.93984340902166e+02
264 560 -9.29510957415380e+03
264 559 3.05332088038458e+03
264 558 -1.40794813348903e+04
264 318 -1.02471438311006e+05
264 319 4.10012327452466e+04
264 320 2.65185231130718e+03
264 321 -2.26916843378440e+04
264 322 2.01693493457056e+04
264 323 -7.03325835606069e+03
264 311 -1.26190459016309e+03
264 310 7.07590888812217e+02
264 309 6.69729634633099e+03
264 308 6.25366611972708e+03
264 307 5.56391768873165e+03
264 306 7.03325835606102e+03
264 377 1.10261604545038e+04
264 376 -1.40794813348891e+04
264 375 9.98909391505489e+03
264 374 -9.29510957415213e+03
264 373 -1.57462579968050e+03
264 372 9.69883244883050e+03
264 371 1.10879114145737e+04
264 370 -1.08641182257589e+04
264 369 -3.91604092400337e+03
264 368 4.84658984556328e+03
264 367 -1.59757747988403e+04
264 366 -6.37622939997102e+03
264 365 2.23156639174701e+03
264 364 -2.45457276135266e+03
264 363 2.93860060959159e+03
264 362 -1.11984583598454e+03
264 361 -1.00727572741392e+04
264 360 2.17851213694257e+03
264 359 4.62068933514674e+04
264 358 7.04651345660665e+03
264 357 -3.32316206347867e+03
264 356 7.44335922728616e+03
264 355 4.51818191916680e+03
264 354 -2.24352513557686e+04
264 353 -7.64896187328474e+03
264 352 4.58076788505328e+04
264 351 1.95043135630879e+04
264 350 -7.41333215042467e+04
264 349 -1.50797434880406e+05
264 348 1.07116565819519e+05
264 587 4.36808690608878e+04
264 265 -5.74745606114954e+03
264 266 -3.90780013356491e+04
264 267 5.08084848491964e+04
264 268 -3.40653054701338e+04
264 269 1.15789684750557e+04
264 263 -7.03325835606058e+03
264 262 -5.56391768873020e+03
264 261 -6.25366611972691e+03
264 260 -6.69729634633103e+03
264 259 -7.07590888811311e+02
264 258 1.26190459016314e+03
264 257 -7.03325835606074e+03
264 256 2.01693493457053e+04
264 255 -2.26916843378440e+04
264 254 2.65185231130639e+03
264 253 4.10012327452453e+04
264 252 -1.02471438311006e+05
265 265 4.50883427007859e+05
265 586 -1.27610066323482e+05
265 585 -2.65235821491436e+04
265 584 3.74379383211010e+04
265 583 2.14164990852131e+05
265 582 6.99160314503429e+04
265 581 -1.62385477074138e+04
265 580 4.60506988303782e+03
265 579 8.17092211742782e+03
265 578 -3.90606780909837e+04
265 577 -8.57458859781291e+04
265 576 1.83432077677369e+04
265 575 1.93344085266005e+04
265 574 -1.12989512185973e+04
265 573 -4.94399475038219e+03
265 572 2.05769108247036e+04
265 571 2.56349204624005e+03
265 570 -2.25375372398752e+03
265 569 3.46166432121706e+04
265 568 -2.63489715290161e+04
265 567 -8.82625357021067e+03
265 566 3.60264707353767e+03
265 565 1.81487735264027e+03
265 564 -2.03488310726006e+04
265 563 -6.81792383639291e+02
265 562 1.11704747255416e+04
265 561 2.07824454494882e+03
265 560 9.40818439445842e+03
265 559 -1.13225633182353e+04
265 558 3.88656584607166e+04
265 318 4.10012327452460e+04
265 319 1.38099772455423e+04
265 320 -2.12137793461685e+04
265 321 3.98114033830148e+03
265 322 7.90659510956537e+03
265 323 -5.56391768873164e+03
265 311 7.07590888811445e+02
265 310 1.12515335035118e+04
265 309 -2.79663261875584e+03
265 308 -8.01266666455930e+03
265 307 -7.90659510956777e+03
265 306 -2.01693493457049e+04
265 377 -2.75430951424787e+04
265 376 3.88656584607169e+04
265 375 -1.14864289394044e+04
265 374 9.40818439445376e+03
265 373 -8.26767168315574e+03
265 372 -2.63489715290164e+04
265 371 -1.04886823419068e+04
265 370 1.11704747255461e+04
265 369 -3.09738322251208e+02
265 368 -2.25375372398711e+03
265 367 6.74026782103903e+04
265 366 1.83432077677374e+04
265 365 1.85339537199625e+04
265 364 -2.03488310726019e+04
265 363 -1.56329160743212e+04
265 362 2.05769108247019e+04
265 361 3.08897559735549e+04
265 360 -3.90606780909829e+04
265 359 -2.84081022302471e+05
265 358 6.99160314503415e+04
265 357 5.22360649667427e+03
265 356 3.60264707353479e+03
265 355 -8.03545730800368e+03
265 354 -1.12989512185967e+04
265 353 1.16334778243761e+04
265 352 4.60506988303985e+03
265 351 -1.09143561719563e+04
265 350 3.74379383210967e+04
265 349 -1.70776422281092e+04
265 348 -1.27610066323480e+05
265 264 -5.74745606114954e+03
265 587 1.44687708551589e+05
265 266 9.23229233508332e+04
265 267 -1.35165252294172e+05
265 268 9.82265013524424e+04
265 269 -3.40653054701338e+04
265 263 2.01693493457055e+04
265 262 7.90659510956382e+03
265 261 8.01266666456027e+03
265 260 2.79663261875790e+03
265 259 -1.12515335035145e+04
265 258 -7.07590888811515e+02
265 257 -5.56391768873097e+03
265 256 7.90659510956663e+03
265 255 3.98114033829980e+03
265 254 -2.12137793461681e+04
265 253 1.38099772455450e+04
265 252 4.10012327452450e+04
266 266 4.91185064129654e+05
266 586 4.00833395296461e+03
266 585 -4.36479059222761e+04
266 584 5.21950006771202e+04
266 583 1.98436989129328e+05
266 582 -7.03038366724685e+04
266 581 -3.43944961463871e+03
266 580 -6.82717604418425e+03
266 579 -5.43963382058597e+03
266 578 2.12232714121110e+03
266 577 2.17596959837047e+05
266 576 5.59716811198574e+04
266 575 2.62721851275930e+04
266 574 -1.39361276332179e+04
266 573 -2.00681339356803e+04
266 572 7.55734305718444e+03
266 571 1.42998206671964e+04
266 570 -3.68033229655829e+04
266 569 -8.11123711051963e+04
266 568 2.41106069658556e+04
266 567 -1.14454532734270e+04
266 566 -2.00620682579487e+03
266 565 5.08311295725381e+03
266 564 6.99712695328069e+03
266 563 1.53107698903308e+03
266 562 1.87175134458671e+04
266 561 -5.64426927692835e+03
266 560 2.15255245810076e+04
266 559 2.45585593826746e+04
266 558 -4.14615071249841e+04
266 318 2.65185231130676e+03
266 319 -2.12137793461689e+04
266 320 -1.70407521846052e+04
266 321 9.86695028424788e+03
266 322 8.01266666455982e+03
266 323 -6.25366611972771e+03
266 311 6.69729634633099e+03
266 310 -2.79663261875676e+03
266 309 -1.06348096805995e+04
266 308 -9.86695028424697e+03
266 307 -3.98114033829964e+03
266 306 2.26916843378430e+04
266 377 1.69029477423098e+04
266 376 -4.14615071249859e+04
266 375 -1.58812553040811e+04
266 374 2.15255245810100e+04
266 373 5.70017641393421e+04
266 372 2.41106069658567e+04
266 371 -2.02485904348983e+04
266 370 1.87175134458653e+04
266 369 2.25035022983865e+04
266 368 -3.68033229655834e+04
266 367 -2.73568640956906e+05
266 366 5.59716811198570e+04
266 365 -1.20802399105347e+04
266 364 6.99712695328051e+03
266 363 1.25107908784949e+04
266 362 7.55734305718563e+03
266 361 3.31730667937601e+03
266 360 2.12232714121089e+03
266 359 -1.28133152456861e+05
266 358 -7.03038366724681e+04
266 357 1.34516600992219e+04
266 356 -2.00620682579363e+03
266 355 -1.23360574943746e+04
266 354 -1.39361276332173e+04
266 353 1.02666256588233e+04
266 352 -6.82717604418726e+03
266 351 -8.54709475484523e+03
266 350 5.21950006771220e+04
266 349 2.97029845676630e+04
266 348 4.00833395296427e+03
266 264 -3.90780013356491e+04
266 265 9.23229233508332e+04
266 587 -3.37113185206263e+04
266 267 1.54420575322446e+05
266 268 -1.35165252294172e+05
266 269 5.08084848491964e+04
266 263 -2.26916843378440e+04
266 262 3.98114033830127e+03
266 261 9.86695028424691e+03
266 260 1.06348096805984e+04
266 259 2.79663261875739e+03
266 258 -6.69729634633137e+03
266 257 -6.25366611972826e+03
266 256 8.01266666455847e+03
266 255 9.86695028424883e+03
266 254 -1.70407521846040e+04
266 253 -2.12137793461706e+04
266 252 2.65185231130702e+03
267 267 4.91185064129654e+05
267 586 4.14615071249859e+04
267 585 1.58812553040811e+04
267 584 -2.15255245810100e+04
267 583 -5.70017641393421e+04
267 582 -2.41106069658567e+04
