0 251 0 251
0 0 1.19051515575477e+05
0 100 -3.32316206347929e+03
0 99 -2.45457276135102e+03
0 98 2.23156639174464e+03
0 97 -2.24352513557692e+04
0 96 4.51818191916721e+03
0 95 -1.08641182257607e+04
0 94 1.10879114145753e+04
0 93 -1.11984583598406e+03
0 92 2.93860060959176e+03
0 91 4.58076788505313e+04
0 90 -7.64896187328473e+03
0 89 -9.29510957415335e+03
0 88 9.98909391505615e+03
0 87 4.84658984556388e+03
0 86 -3.91604092400381e+03
0 85 2.17851213694205e+03
0 84 -1.00727572741390e+04
0 83 -7.41333215042463e+04
0 82 1.95043135630879e+04
0 81 -1.40794813348900e+04
0 80 1.10261604545041e+04
0 79 9.69883244883077e+03
0 78 -1.57462579968027e+03
0 77 -6.37622939997082e+03
0 76 -1.59757747988413e+04
0 75 7.04651345660654e+03
0 74 4.62068933514666e+04
0 73 1.07116565819519e+05
0 72 -1.50797434880406e+05
0 12 -1.02471438311006e+05
0 13 4.10012327452450e+04
0 14 2.65185231130702e+03
0 15 -2.26916843378430e+04
0 16 2.01693493457049e+04
0 17 -7.03325835606102e+03
0 11 -1.26190459016327e+03
0 10 7.07590888809564e+02
0 9 6.69729634633118e+03
0 8 6.25366611972839e+03
0 7 5.56391768873063e+03
0 6 7.03325835606117e+03
0 5 5.78948423752844e+03
0 4 -1.70326527350667e+04
0 3 2.54042424245981e+04
0 2 -1.95390006678239e+04
0 1 -2.87372803057414e+03
0 101 7.44335922728780e+03
1 1 2.25441713503929e+05
1 100 5.22360649667482e+03
1 99 -2.03488310726025e+04
1 98 1.85339537199629e+04
1 97 -1.12989512185983e+04
1 96 -8.03545730800350e+03
1 95 1.11704747255440e+04
1 94 -1.04886823419043e+04
1 93 2.05769108247017e+04
1 92 -1.56329160743211e+04
1 91 4.60506988304279e+03
1 90 1.16334778243752e+04
1 89 9.40818439445475e+03
1 88 -1.14864289394045e+04
1 87 -2.25375372398603e+03
1 86 -3.09738322252555e+02
1 85 -3.90606780909840e+04
1 84 3.08897559735553e+04
1 83 3.74379383210979e+04
1 82 -1.09143561719553e+04
1 81 3.88656584607178e+04
1 80 -2.75430951424804e+04
1 79 -2.63489715290165e+04
1 78 -8.26767168315658e+03
1 77 1.83432077677367e+04
1 76 6.74026782103937e+04
1 75 6.99160314503424e+04
1 74 -2.84081022302472e+05
1 73 -1.27610066323481e+05
1 72 -1.70776422281098e+04
1 12 4.10012327452453e+04
1 13 1.38099772455450e+04
1 14 -2.12137793461706e+04
1 15 3.98114033829964e+03
1 16 7.90659510956777e+03
1 17 -5.56391768873165e+03
1 11 7.07590888812127e+02
1 10 1.12515335035147e+04
1 9 -2.79663261875629e+03
1 8 -8.01266666455953e+03
1 7 -7.90659510956525e+03
1 6 -2.01693493457059e+04
1 5 -1.70326527350674e+04
1 4 4.91132506762223e+04
1 3 -6.75826261470863e+04
1 2 4.61614616754145e+04
1 101 3.60264707353455e+03
1 0 -2.87372803057414e+03
2 2 2.45592532064827e+05
2 100 1.34516600992217e+04
2 99 6.99712695328033e+03
2 98 -1.20802399105333e+04
2 97 -1.39361276332166e+04
2 96 -1.23360574943751e+04
2 95 1.87175134458713e+04
2 94 -2.02485904349043e+04
2 93 7.55734305718351e+03
2 92 1.25107908784960e+04
2 91 -6.82717604418446e+03
2 90 1.02666256588233e+04
2 89 2.15255245810094e+04
2 88 -1.58812553040817e+04
2 87 -3.68033229655848e+04
2 86 2.25035022983888e+04
2 85 2.12232714121298e+03
2 84 3.31730667937394e+03
2 83 5.21950006771179e+04
2 82 -8.54709475484459e+03
2 81 -4.14615071249858e+04
2 80 1.69029477423121e+04
2 79 2.41106069658570e+04
2 78 5.70017641393414e+04
2 77 5.59716811198570e+04
2 76 -2.73568640956908e+05
2 75 -7.03038366724686e+04
2 74 -1.28133152456857e+05
2 73 4.00833395296536e+03
2 72 2.97029845676618e+04
2 12 2.65185231130638e+03
2 13 -2.12137793461681e+04
2 14 -1.70407521846040e+04
2 15 9.86695028424697e+03
2 16 8.01266666455930e+03
2 17 -6.25366611972708e+03
2 11 6.69729634633076e+03
2 10 -2.79663261875560e+03
2 9 -1.06348096806011e+04
2 8 -9.86695028424986e+03
2 7 -3.98114033829968e+03
2 6 2.26916843378437e+04
2 5 2.54042424245977e+04
2 4 -6.75826261470876e+04
2 3 7.72102876612251e+04
2 101 -2.00620682579583e+03
2 1 4.61614616754145e+04
2 0 -1.95390006678239e+04
3 3 2.45592532064827e+05
3 100 1.14454532734268e+04
3 99 1.39361276332186e+04
3 98 -2.62721851275936e+04
3 97 -6.99712695327940e+03
3 96 -5.08311295725394e+03
3 95 6.82717604418464e+03
3 94 3.43944961463815e+03
3 93 -7.55734305718417e+03
3 92 2.00681339356799e+04
3 91 -1.87175134458690e+04
3 90 -1.53107698903248e+03
3 89 -5.21950006771194e+04
3 88 4.36479059222751e+04
3 87 -2.12232714121229e+03
3 86 5.43963382058711e+03
3 85 3.68033229655841e+04
3 84 -1.42998206671965e+04
3 83 -2.15255245810090e+04
3 82 5.64426927692761e+03
3 81 -4.00833395296466e+03
3 80 3.37113185206263e+04
3 79 7.03038366724681e+04
3 78 -1.98436989129327e+05
3 77 -5.59716811198565e+04
3 76 -2.17596959837050e+05
3 75 -2.41106069658569e+04
3 74 8.11123711051974e+04
3 73 4.14615071249859e+04
3 72 -2.45585593826741e+04
3 12 -2.26916843378441e+04
3 13 3.98114033829980e+03
3 14 9.86695028424884e+03
3 15 1.06348096805995e+04
3 16 2.79663261875584e+03
3 17 -6.69729634633099e+03
3 11 6.25366611972755e+03
3 10 -8.01266666456060e+03
3 9 -9.86695028424839e+03
3 8 1.70407521846049e+04
3 7 2.12137793461688e+04
3 6 -2.65185231130678e+03
3 5 -1.95390006678242e+04
3 4 4.61614616754157e+04
3 101 2.00620682579572e+03
3 2 7.72102876612251e+04
3 1 -6.75826261470863e+04
3 0 2.54042424245981e+04
4 4 2.25441713503931e+05
4 100 8.82625357021102e+03
4 99 1.12989512185977e+04
4 98 -1.93344085266012e+04
4 97 2.03488310725995e+04
4 96 -1.81487735264008e+03
4 95 -4.60506988304111e+03
4 94 1.62385477074172e+04
4 93 -2.05769108247027e+04
4 92 4.94399475038185e+03
4 91 -1.11704747255420e+04
4 90 6.81792383639022e+02
4 89 -3.74379383211010e+04
4 88 2.65235821491442e+04
4 87 3.90606780909848e+04
4 86 -8.17092211742936e+03
4 85 2.25375372398628e+03
4 84 -2.56349204623911e+03
4 83 -9.40818439445632e+03
4 82 -2.07824454494892e+03
4 81 1.27610066323482e+05
4 80 -1.44687708551591e+05
4 79 -6.99160314503430e+04
4 78 -2.14164990852132e+05
4 77 -1.83432077677371e+04
4 76 8.57458859781312e+04
4 75 2.63489715290167e+04
4 74 -3.46166432121723e+04
4 73 -3.88656584607174e+04
4 72 1.13225633182359e+04
4 12 2.01693493457053e+04
4 13 7.90659510956663e+03
4 14 8.01266666455847e+03
4 15 2.79663261875676e+03
4 16 -1.12515335035118e+04
4 17 -7.07590888812217e+02
4 11 5.56391768873214e+03
4 10 -7.90659510956627e+03
4 9 -3.98114033830004e+03
4 8 2.12137793461703e+04
4 7 -1.38099772455431e+04
4 6 -4.10012327452461e+04
4 5 -2.87372803057492e+03
4 101 -3.60264707353672e+03
4 3 4.61614616754157e+04
4 2 -6.75826261470876e+04
4 1 4.91132506762223e+04
4 0 -1.70326527350667e+04
5 5 1.19051515575477e+05
5 100 4.12019716380689e+03
5 99 2.24352513557703e+04
5 98 -1.79170694366034e+04
5 97 2.45457276135192e+03
5 96 -2.23006369605185e+02
5 95 -4.58076788505317e+04
5 94 3.81587169772468e+04
5 93 1.11984583598339e+03
5 92 1.81875477360800e+03
5 91 1.08641182257605e+04
5 90 2.23793188814072e+02
5 89 7.41333215042469e+04
5 88 -5.46290079411585e+04
5 87 -2.17851213694182e+03
5 86 -7.89424513719673e+03
5 85 -4.84658984556390e+03
5 84 9.30548921559487e+02
5 83 9.29510957415352e+03
5 82 6.93984340903158e+02
5 81 -1.07116565819519e+05
5 80 -4.36808690608877e+04
5 79 -7.04651345660604e+03
5 78 5.32534068080734e+04
5 77 6.37622939997089e+03
5 76 -2.23520041988117e+04
5 75 -9.69883244883072e+03
5 74 8.12420664915163e+03
5 73 1.40794813348898e+04
5 72 -3.05332088038589e+03
5 12 -7.03325835606075e+03
5 13 -5.56391768873097e+03
5 14 -6.25366611972826e+03
5 15 -6.69729634633099e+03
5 16 -7.07590888811445e+02
5 17 1.26190459016309e+03
5 11 7.03325835606067e+03
5 10 -2.01693493457060e+04
5 9 2.26916843378432e+04
5 8 -2.65185231130675e+03
5 7 -4.10012327452459e+04
5 6 1.02471438311006e+05
5 101 -7.44335922728561e+03
5 4 -2.87372803057492e+03
5 3 -1.95390006678242e+04
5 2 2.54042424245977e+04
5 1 -1.70326527350674e+04
5 0 5.78948423752844e+03
6 6 2.38103031150953e+05
6 7 -5.74745606114979e+03
6 8 -3.90780013356484e+04
6 9 5.08084848491954e+04
6 10 -3.40653054701348e+04
6 11 1.15789684750562e+04
6 100 3.05332088038436e+03
6 99 -1.57462579967939e+03
6 98 -8.12420664915128e+03
6 97 9.98909391505636e+03
6 96 -6.93984340902153e+02
6 95 -1.59757747988407e+04
6 94 2.23520041988114e+04
6 93 -3.91604092400415e+03
6 92 -9.30548921559879e+02
6 91 1.10879114145746e+04
6 90 -2.23793188814967e+02
6 89 4.62068933514675e+04
6 88 -5.32534068080734e+04
6 87 -1.00727572741388e+04
6 86 7.89424513719706e+03
6 85 2.93860060959129e+03
6 84 -1.81875477360766e+03
6 83 2.23156639174712e+03
6 82 2.23006369605921e+02
6 81 -1.50797434880406e+05
6 80 4.36808690608872e+04
6 79 1.95043135630883e+04
6 78 5.46290079411590e+04
6 77 -7.64896187328455e+03
6 76 -3.81587169772476e+04
6 75 4.51818191916682e+03
6 74 1.79170694366029e+04
6 73 -3.32316206347853e+03
6 72 -4.12019716380782e+03
6 12 1.26190459016314e+03
6 13 -7.07590888811516e+02
6 14 -6.69729634633137e+03
6 15 -6.25366611972771e+03
6 16 -5.56391768873164e+03
6 17 -7.03325835606069e+03
6 101 1.10261604545052e+04
6 5 1.02471438311006e+05
6 4 -4.10012327452461e+04
6 3 -2.65185231130678e+03
6 2 2.26916843378437e+04
6 1 -2.01693493457059e+04
6 0 7.03325835606117e+03
6 646 -4.12019716380689e+03
6 645 -2.24352513557703e+04
6 644 1.79170694366034e+04
6 643 -2.45457276135192e+03
6 642 2.23006369605185e+02
6 641 4.58076788505317e+04
6 640 -3.81587169772468e+04
6 639 -1.11984583598339e+03
6 638 -1.81875477360801e+03
6 637 -1.08641182257605e+04
6 636 -2.23793188814072e+02
6 635 -7.41333215042469e+04
6 634 5.46290079411585e+04
6 633 2.17851213694182e+03
6 632 7.89424513719673e+03
6 631 4.84658984556390e+03
6 630 -9.30548921559485e+02
6 629 -9.29510957415352e+03
6 628 -6.93984340903159e+02
6 627 1.07116565819519e+05
6 626 4.36808690608877e+04
6 625 7.04651345660604e+03
6 624 -5.32534068080734e+04
6 623 -6.37622939997089e+03
6 622 2.23520041988117e+04
6 621 9.69883244883072e+03
6 620 -8.12420664915163e+03
6 619 -1.40794813348898e+04
6 618 3.05332088038588e+03
6 341 -7.03325835606074e+03
6 340 -5.56391768873097e+03
6 339 -6.25366611972826e+03
6 338 -6.69729634633099e+03
6 337 -7.07590888811445e+02
6 336 1.26190459016309e+03
6 342 7.03325835606067e+03
6 343 -2.01693493457060e+04
6 344 2.26916843378432e+04
6 345 -2.65185231130674e+03
6 346 -4.10012327452459e+04
6 347 1.02471438311006e+05
6 647 7.44335922728561e+03
7 7 4.50883427007861e+05
7 6 -5.74745606114979e+03
7 8 9.23229233508318e+04
7 9 -1.35165252294172e+05
7 10 9.82265013524454e+04
7 11 -3.40653054701337e+04
7 100 -1.13225633182364e+04
7 99 -8.26767168315901e+03
7 98 3.46166432121752e+04
7 97 -1.14864289394039e+04
7 96 2.07824454494914e+03
7 95 6.74026782103909e+04
7 94 -8.57458859781276e+04
7 93 -3.09738322250604e+02
7 92 2.56349204623680e+03
7 91 -1.04886823419065e+04
7 90 -6.81792383638619e+02
7 89 -2.84081022302473e+05
7 88 2.14164990852130e+05
7 87 3.08897559735558e+04
7 86 8.17092211742806e+03
7 85 -1.56329160743221e+04
7 84 -4.94399475037942e+03
7 83 1.85339537199634e+04
7 82 1.81487735263890e+03
7 81 -1.70776422281081e+04
7 80 1.44687708551590e+05
7 79 -1.09143561719571e+04
7 78 -2.65235821491427e+04
7 77 1.16334778243758e+04
7 76 -1.62385477074157e+04
7 75 -8.03545730800345e+03
7 74 1.93344085265981e+04
7 73 5.22360649667323e+03
7 72 -8.82625357020809e+03
7 12 -7.07590888811312e+02
7 13 -1.12515335035145e+04
7 14 2.79663261875739e+03
7 15 8.01266666455982e+03
7 16 7.90659510956537e+03
7 17 2.01693493457056e+04
7 101 -2.75430951424809e+04
7 5 -4.10012327452459e+04
7 4 -1.38099772455431e+04
7 3 2.12137793461688e+04
7 2 -3.98114033829968e+03
7 1 -7.90659510956525e+03
7 0 5.56391768873063e+03
7 646 -8.82625357021102e+03
7 645 -1.12989512185977e+04
7 644 1.93344085266012e+04
7 643 -2.03488310725995e+04
7 642 1.81487735264007e+03
7 641 4.60506988304112e+03
7 640 -1.62385477074172e+04
7 639 2.05769108247027e+04
7 638 -4.94399475038184e+03
7 637 1.11704747255420e+04
7 636 -6.81792383639019e+02
7 635 3.74379383211010e+04
7 634 -2.65235821491442e+04
7 633 -3.90606780909848e+04
7 632 8.17092211742936e+03
7 631 -2.25375372398628e+03
7 630 2.56349204623911e+03
7 629 9.40818439445632e+03
7 628 2.07824454494892e+03
7 627 -1.27610066323482e+05
7 626 1.44687708551591e+05
7 625 6.99160314503430e+04
7 624 2.14164990852132e+05
7 623 1.83432077677371e+04
7 622 -8.57458859781312e+04
7 621 -2.63489715290167e+04
7 620 3.46166432121723e+04
7 619 3.88656584607174e+04
7 618 -1.13225633182359e+04
7 341 2.01693493457053e+04
7 340 7.90659510956663e+03
7 339 8.01266666455847e+03
7 338 2.79663261875676e+03
7 337 -1.12515335035118e+04
7 336 -7.07590888812215e+02
7 342 5.56391768873214e+03
7 343 -7.90659510956627e+03
7 344 -3.98114033830004e+03
7 345 2.12137793461703e+04
7 346 -1.38099772455431e+04
7 347 -4.10012327452461e+04
7 647 3.60264707353672e+03
8 8 4.91185064129655e+05
8 6 -3.90780013356484e+04
8 7 9.23229233508318e+04
8 9 1.54420575322450e+05
8 10 -1.35165252294173e+05
8 11 5.08084848491967e+04
8 100 2.45585593826755e+04
8 99 5.70017641393414e+04
8 98 -8.11123711051984e+04
8 97 -1.58812553040823e+04
8 96 -5.64426927692819e+03
8 95 -2.73568640956907e+05
8 94 2.17596959837050e+05
8 93 2.25035022983865e+04
8 92 1.42998206671974e+04
8 91 -2.02485904348988e+04
8 90 1.53107698903217e+03
8 89 -1.28133152456860e+05
8 88 1.98436989129328e+05
8 87 3.31730667937568e+03
8 86 -5.43963382058733e+03
8 85 1.25107908784957e+04
8 84 -2.00681339356810e+04
8 83 -1.20802399105359e+04
8 82 5.08311295725553e+03
8 81 2.97029845676619e+04
8 80 -3.37113185206267e+04
8 79 -8.54709475484420e+03
8 78 -4.36479059222774e+04
8 77 1.02666256588225e+04
8 76 -3.43944961463563e+03
8 75 -1.23360574943745e+04
8 74 2.62721851275935e+04
8 73 1.34516600992218e+04
8 72 -1.14454532734288e+04
8 12 -6.69729634633103e+03
8 13 2.79663261875789e+03
8 14 1.06348096805984e+04
8 15 9.86695028424788e+03
8 16 3.98114033830148e+03
8 17 -2.26916843378440e+04
8 101 1.69029477423104e+04
8 5 -2.65185231130675e+03
8 4 2.12137793461703e+04
8 3 1.70407521846049e+04
8 2 -9.86695028424986e+03
8 1 -8.01266666455953e+03
8 0 6.25366611972839e+03
8 646 -1.14454532734268e+04
8 645 -1.39361276332186e+04
8 644 2.62721851275936e+04
8 643 6.99712695327940e+03
8 642 5.08311295725394e+03
8 641 -6.82717604418465e+03
8 640 -3.43944961463815e+03
8 639 7.55734305718416e+03
8 638 -2.00681339356799e+04
8 637 1.87175134458690e+04
8 636 1.53107698903247e+03
8 635 5.21950006771194e+04
8 634 -4.36479059222751e+04
8 633 2.12232714121230e+03
8 632 -5.43963382058711e+03
8 631 -3.68033229655841e+04
8 630 1.42998206671965e+04
8 629 2.15255245810090e+04
8 628 -5.64426927692761e+03
8 627 4.00833395296466e+03
8 626 -3.37113185206263e+04
8 625 -7.03038366724681e+04
8 624 1.98436989129327e+05
8 623 5.59716811198565e+04
8 622 2.17596959837050e+05
8 621 2.41106069658569e+04
8 620 -8.11123711051974e+04
8 619 -4.14615071249859e+04
8 618 2.45585593826741e+04
8 341 -2.26916843378440e+04
8 340 3.98114033829980e+03
8 339 9.86695028424884e+03
8 338 1.06348096805995e+04
8 337 2.79663261875584e+03
8 336 -6.69729634633099e+03
8 342 6.25366611972755e+03
8 343 -8.01266666456060e+03
8 344 -9.86695028424839e+03
8 345 1.70407521846049e+04
8 346 2.12137793461688e+04
8 347 -2.65185231130677e+03
8 647 -2.00620682579571e+03
9 9 4.91185064129653e+05
9 6 5.08084848491954e+04
9 7 -1.35165252294172e+05
9 8 1.54420575322450e+05
9 10 9.23229233508306e+04
9 11 -3.90780013356483e+04
9 100 -2.97029845676622e+04
9 99 -1.98436989129326e+05
9 98 1.28133152456858e+05
9 97 4.36479059222747e+04
9 96 8.54709475484494e+03
9 95 -2.17596959837048e+05
9 94 2.73568640956905e+05
9 93 5.43963382058567e+03
9 92 -3.31730667937353e+03
9 91 3.43944961464013e+03
9 90 -1.02666256588238e+04
9 89 8.11123711051947e+04
9 88 -5.70017641393384e+04
9 87 -1.42998206671955e+04
9 86 -2.25035022983881e+04
9 85 2.00681339356795e+04
9 84 -1.25107908784965e+04
9 83 -2.62721851275931e+04
9 82 1.23360574943762e+04
9 81 -2.45585593826747e+04
9 80 -1.69029477423101e+04
9 79 5.64426927692905e+03
9 78 1.58812553040799e+04
9 77 -1.53107698903347e+03
9 76 2.02485904349033e+04
9 75 -5.08311295725311e+03
9 74 1.20802399105346e+04
9 73 1.14454532734259e+04
9 72 -1.34516600992232e+04
9 12 -6.25366611972691e+03
9 13 8.01266666456027e+03
9 14 9.86695028424691e+03
9 15 -1.70407521846052e+04
9 16 -2.12137793461685e+04
9 17 2.65185231130718e+03
9 101 3.37113185206258e+04
9 5 2.26916843378432e+04
9 4 -3.98114033830004e+03
9 3 -9.86695028424839e+03
9 2 -1.06348096806011e+04
9 1 -2.79663261875629e+03
9 0 6.69729634633118e+03
9 646 -1.34516600992217e+04
9 645 -6.99712695328033e+03
9 644 1.20802399105333e+04
9 643 1.39361276332166e+04
9 642 1.23360574943751e+04
9 641 -1.87175134458713e+04
9 640 2.02485904349043e+04
9 639 -7.55734305718351e+03
9 638 -1.25107908784960e+04
9 637 6.82717604418446e+03
9 636 -1.02666256588233e+04
9 635 -2.15255245810094e+04
9 634 1.58812553040817e+04
9 633 3.68033229655848e+04
9 632 -2.25035022983888e+04
9 631 -2.12232714121298e+03
9 630 -3.31730667937394e+03
9 629 -5.21950006771179e+04
9 628 8.54709475484459e+03
9 627 4.14615071249858e+04
9 626 -1.69029477423121e+04
9 625 -2.41106069658570e+04
9 624 -5.70017641393414e+04
9 623 -5.59716811198570e+04
9 622 2.73568640956908e+05
9 621 7.03038366724686e+04
9 620 1.28133152456857e+05
9 619 -4.00833395296536e+03
9 618 -2.97029845676618e+04
9 341 2.65185231130638e+03
9 340 -2.12137793461681e+04
9 339 -1.70407521846040e+04
9 338 9.86695028424697e+03
9 337 8.01266666455930e+03
9 336 -6.25366611972708e+03
9 342 6.69729634633075e+03
9 343 -2.79663261875560e+03
9 344 -1.06348096806011e+04
9 345 -9.86695028424986e+03
9 346 -3.98114033829968e+03
9 347 2.26916843378437e+04
9 647 2.00620682579583e+03
10 10 4.50883427007860e+05
10 6 -3.40653054701348e+04
10 7 9.82265013524454e+04
10 8 -1.35165252294173e+05
10 9 9.23229233508306e+04
10 11 -5.74745606114938e+03
10 100 1.70776422281080e+04
10 99 -2.14164990852133e+05
10 98 2.84081022302476e+05
10 97 2.65235821491450e+04
10 96 1.09143561719566e+04
10 95 8.57458859781293e+04
10 94 -6.74026782103923e+04
10 93 -8.17092211742677e+03
10 92 -3.08897559735575e+04
10 91 1.62385477074130e+04
10 90 -1.16334778243751e+04
10 89 -3.46166432121739e+04
10 88 8.26767168315705e+03
10 87 -2.56349204623815e+03
10 86 3.09738322251280e+02
10 85 4.94399475037963e+03
10 84 1.56329160743236e+04
10 83 -1.93344085265968e+04
10 82 8.03545730800176e+03
10 81 1.13225633182370e+04
10 80 2.75430951424812e+04
10 79 -2.07824454494955e+03
10 78 1.14864289394063e+04
10 77 6.81792383639338e+02
10 76 1.04886823419048e+04
10 75 -1.81487735263978e+03
10 74 -1.85339537199652e+04
10 73 8.82625357020838e+03
10 72 -5.22360649667064e+03
10 12 -5.56391768873020e+03
10 13 7.90659510956382e+03
10 14 3.98114033830126e+03
10 15 -2.12137793461689e+04
10 16 1.38099772455423e+04
10 17 4.10012327452466e+04
10 101 -1.44687708551591e+05
10 5 -2.01693493457060e+04
10 4 -7.90659510956627e+03
10 3 -8.01266666456060e+03
10 2 -2.79663261875560e+03
10 1 1.12515335035147e+04
10 0 7.07590888809564e+02
10 646 -5.22360649667482e+03
10 645 2.03488310726025e+04
10 644 -1.85339537199629e+04
10 643 1.12989512185983e+04
10 642 8.03545730800349e+03
10 641 -1.11704747255440e+04
10 640 1.04886823419043e+04
10 639 -2.05769108247017e+04
10 638 1.56329160743211e+04
10 637 -4.60506988304279e+03
10 636 -1.16334778243752e+04
10 635 -9.40818439445475e+03
10 634 1.14864289394045e+04
10 633 2.25375372398603e+03
10 632 3.09738322252554e+02
10 631 3.90606780909840e+04
10 630 -3.08897559735552e+04
10 629 -3.74379383210979e+04
10 628 1.09143561719553e+04
10 627 -3.88656584607178e+04
10 626 2.75430951424804e+04
10 625 2.63489715290165e+04
10 624 8.26767168315658e+03
10 623 -1.83432077677367e+04
10 622 -6.74026782103937e+04
10 621 -6.99160314503424e+04
10 620 2.84081022302472e+05
10 619 1.27610066323481e+05
10 618 1.70776422281098e+04
10 341 4.10012327452453e+04
10 340 1.38099772455450e+04
10 339 -2.12137793461706e+04
10 338 3.98114033829964e+03
10 337 7.90659510956777e+03
10 336 -5.56391768873165e+03
10 342 7.07590888812127e+02
10 343 1.12515335035147e+04
10 344 -2.79663261875629e+03
10 345 -8.01266666455953e+03
10 346 -7.90659510956525e+03
10 347 -2.01693493457059e+04
10 647 -3.60264707353455e+03
11 11 2.38103031150953e+05
11 6 1.15789684750562e+04
11 7 -3.40653054701337e+04
11 8 5.08084848491967e+04
11 9 -3.90780013356483e+04
11 10 -5.74745606114938e+03
11 100 1.50797434880406e+05
11 99 5.32534068080741e+04
11 98 -4.62068933514681e+04
11 97 -5.46290079411590e+04
11 96 -1.95043135630883e+04
11 95 -2.23520041988121e+04
11 94 1.59757747988413e+04
11 93 -7.89424513719696e+03
11 92 1.00727572741390e+04
11 91 3.81587169772476e+04
11 90 7.64896187328472e+03
11 89 8.12420664915021e+03
11 88 1.57462579968052e+03
11 87 9.30548921560630e+02
11 86 3.91604092400360e+03
11 85 1.81875477360702e+03
11 84 -2.93860060959129e+03
11 83 -1.79170694366021e+04
11 82 -4.51818191916682e+03
11 81 -3.05332088038449e+03
11 80 -1.10261604545052e+04
11 79 6.93984340902314e+02
11 78 -9.98909391505722e+03
11 77 2.23793188814590e+02
11 76 -1.10879114145732e+04
11 75 -2.23006369605314e+02
11 74 -2.23156639174770e+03
11 73 4.12019716380692e+03
11 72 3.32316206347877e+03
11 12 -7.03325835606058e+03
11 13 2.01693493457055e+04
11 14 -2.26916843378440e+04
11 15 2.65185231130676e+03
11 16 4.10012327452460e+04
11 17 -1.02471438311006e+05
11 101 -4.36808690608872e+04
11 5 7.03325835606067e+03
11 4 5.56391768873214e+03
11 3 6.25366611972755e+03
11 2 6.69729634633076e+03
11 1 7.07590888812127e+02
11 0 -1.26190459016327e+03
11 646 3.32316206347929e+03
11 645 2.45457276135102e+03
11 644 -2.23156639174464e+03
11 643 2.24352513557692e+04
11 642 -4.51818191916721e+03
11 641 1.08641182257607e+04
11 640 -1.10879114145753e+04
11 639 1.11984583598407e+03
11 638 -2.93860060959176e+03
11 637 -4.58076788505313e+04
11 636 7.64896187328473e+03
11 635 9.29510957415335e+03
11 634 -9.98909391505614e+03
11 633 -4.84658984556388e+03
11 632 3.91604092400381e+03
11 631 -2.17851213694205e+03
11 630 1.00727572741390e+04
11 629 7.41333215042463e+04
11 628 -1.95043135630879e+04
11 627 1.40794813348900e+04
11 626 -1.10261604545041e+04
11 625 -9.69883244883077e+03
11 624 1.57462579968027e+03
11 623 6.37622939997081e+03
11 622 1.59757747988413e+04
11 621 -7.04651345660654e+03
11 620 -4.62068933514666e+04
11 619 -1.07116565819519e+05
11 618 1.50797434880406e+05
11 341 -1.02471438311006e+05
11 340 4.10012327452450e+04
11 339 2.65185231130703e+03
11 338 -2.26916843378430e+04
11 337 2.01693493457049e+04
11 336 -7.03325835606102e+03
11 342 -1.26190459016327e+03
11 343 7.07590888809563e+02
11 344 6.69729634633117e+03
11 345 6.25366611972839e+03
11 346 5.56391768873063e+03
11 347 7.03325835606117e+03
11 647 -7.44335922728780e+03
12 12 2.38103031150954e+05
12 220 -3.32316206347929e+03
12 219 -2.45457276135102e+03
12 218 2.23156639174464e+03
12 217 -2.24352513557692e+04
12 216 4.51818191916721e+03
12 215 -1.08641182257607e+04
12 214 1.10879114145753e+04
12 213 -1.11984583598406e+03
12 212 2.93860060959176e+03
12 211 4.58076788505313e+04
12 210 -7.64896187328473e+03
12 209 -9.29510957415335e+03
12 208 9.98909391505615e+03
12 207 4.84658984556388e+03
12 206 -3.91604092400381e+03
12 205 2.17851213694205e+03
12 204 -1.00727572741390e+04
12 203 -7.41333215042463e+04
12 202 1.95043135630879e+04
12 201 -1.40794813348900e+04
12 200 1.10261604545041e+04
12 199 9.69883244883077e+03
12 198 -1.57462579968027e+03
12 197 -6.37622939997082e+03
12 196 -1.59757747988413e+04
12 195 7.04651345660654e+03
12 194 4.62068933514666e+04
12 193 1.07116565819519e+05
12 192 -1.50797434880406e+05
12 54 -1.02471438311006e+05
12 55 4.10012327452450e+04
12 56 2.65185231130702e+03
12 57 -2.26916843378430e+04
12 58 2.01693493457049e+04
12 59 -7.03325835606102e+03
12 65 1.26190459016327e+03
12 64 -7.07590888809564e+02
12 63 -6.69729634633118e+03
12 62 -6.25366611972839e+03
12 61 -5.56391768873063e+03
12 60 -7.03325835606117e+03
12 101 1.10261604545038e+04
12 100 -1.40794813348891e+04
12 99 9.98909391505489e+03
12 98 -9.29510957415213e+03
12 97 -1.57462579968050e+03
12 96 9.69883244883050e+03
12 95 1.10879114145737e+04
12 94 -1.08641182257589e+04
12 93 -3.91604092400337e+03
12 92 4.84658984556328e+03
12 91 -1.59757747988403e+04
12 90 -6.37622939997101e+03
12 89 2.23156639174701e+03
12 88 -2.45457276135266e+03
12 87 2.93860060959159e+03
12 86 -1.11984583598454e+03
12 85 -1.00727572741392e+04
12 84 2.17851213694257e+03
12 83 4.62068933514674e+04
12 82 7.04651345660665e+03
12 81 -3.32316206347867e+03
12 80 7.44335922728617e+03
12 79 4.51818191916680e+03
12 78 -2.24352513557686e+04
12 77 -7.64896187328474e+03
12 76 4.58076788505328e+04
12 75 1.95043135630879e+04
12 74 -7.41333215042467e+04
12 73 -1.50797434880406e+05
12 72 1.07116565819519e+05
12 221 7.44335922728780e+03
12 13 -5.74745606114860e+03
12 14 -3.90780013356488e+04
12 15 5.08084848491960e+04
12 16 -3.40653054701330e+04
12 17 1.15789684750563e+04
12 11 -7.03325835606058e+03
12 10 -5.56391768873020e+03
12 9 -6.25366611972691e+03
12 8 -6.69729634633103e+03
12 7 -7.07590888811312e+02
12 6 1.26190459016314e+03
12 5 -7.03325835606075e+03
12 4 2.01693493457053e+04
12 3 -2.26916843378441e+04
12 2 2.65185231130638e+03
12 1 4.10012327452453e+04
12 0 -1.02471438311006e+05
13 13 4.50883427007857e+05
13 220 5.22360649667482e+03
13 219 -2.03488310726025e+04
13 218 1.85339537199629e+04
13 217 -1.12989512185983e+04
13 216 -8.03545730800350e+03
13 215 1.11704747255440e+04
13 214 -1.04886823419043e+04
13 213 2.05769108247017e+04
13 212 -1.56329160743211e+04
13 211 4.60506988304279e+03
13 210 1.16334778243752e+04
13 209 9.40818439445475e+03
13 208 -1.14864289394045e+04
13 207 -2.25375372398603e+03
13 206 -3.09738322252555e+02
13 205 -3.90606780909840e+04
13 204 3.08897559735553e+04
13 203 3.74379383210979e+04
13 202 -1.09143561719553e+04
13 201 3.88656584607178e+04
13 200 -2.75430951424804e+04
13 199 -2.63489715290165e+04
13 198 -8.26767168315658e+03
13 197 1.83432077677367e+04
13 196 6.74026782103937e+04
13 195 6.99160314503424e+04
13 194 -2.84081022302472e+05
13 193 -1.27610066323481e+05
13 192 -1.70776422281098e+04
13 54 4.10012327452453e+04
13 55 1.38099772455450e+04
13 56 -2.12137793461706e+04
13 57 3.98114033829964e+03
13 58 7.90659510956777e+03
13 59 -5.56391768873165e+03
13 65 -7.07590888812127e+02
13 64 -1.12515335035147e+04
13 63 2.79663261875629e+03
13 62 8.01266666455953e+03
13 61 7.90659510956525e+03
13 60 2.01693493457059e+04
13 101 -2.75430951424787e+04
13 100 3.88656584607169e+04
13 99 -1.14864289394044e+04
13 98 9.40818439445377e+03
13 97 -8.26767168315574e+03
13 96 -2.63489715290164e+04
13 95 -1.04886823419068e+04
13 94 1.11704747255461e+04
13 93 -3.09738322251205e+02
13 92 -2.25375372398711e+03
13 91 6.74026782103903e+04
13 90 1.83432077677374e+04
13 89 1.85339537199625e+04
13 88 -2.03488310726019e+04
13 87 -1.56329160743212e+04
13 86 2.05769108247019e+04
13 85 3.08897559735549e+04
13 84 -3.90606780909829e+04
13 83 -2.84081022302471e+05
13 82 6.99160314503415e+04
13 81 5.22360649667427e+03
13 80 3.60264707353479e+03
13 79 -8.03545730800369e+03
13 78 -1.12989512185967e+04
13 77 1.16334778243761e+04
13 76 4.60506988303985e+03
13 75 -1.09143561719563e+04
13 74 3.74379383210967e+04
13 73 -1.70776422281092e+04
13 72 -1.27610066323480e+05
13 12 -5.74745606114860e+03
13 221 3.60264707353455e+03
13 14 9.23229233508311e+04
13 15 -1.35165252294172e+05
13 16 9.82265013524435e+04
13 17 -3.40653054701349e+04
13 11 2.01693493457055e+04
13 10 7.90659510956382e+03
13 9 8.01266666456027e+03
13 8 2.79663261875789e+03
13 7 -1.12515335035145e+04
13 6 -7.07590888811516e+02
13 5 -5.56391768873097e+03
13 4 7.90659510956663e+03
13 3 3.98114033829980e+03
13 2 -2.12137793461681e+04
13 1 1.38099772455450e+04
13 0 4.10012327452450e+04
14 14 4.91185064129655e+05
14 220 1.34516600992217e+04
14 219 6.99712695328033e+03
14 218 -1.20802399105333e+04
14 217 -1.39361276332166e+04
14 216 -1.23360574943751e+04
14 215 1.87175134458713e+04
14 214 -2.02485904349043e+04
14 213 7.55734305718351e+03
14 212 1.25107908784960e+04
14 211 -6.82717604418446e+03
14 210 1.02666256588233e+04
14 209 2.15255245810094e+04
14 208 -1.58812553040817e+04
14 207 -3.68033229655848e+04
14 206 2.25035022983888e+04
14 205 2.12232714121298e+03
14 204 3.31730667937394e+03
14 203 5.21950006771179e+04
14 202 -8.54709475484459e+03
14 201 -4.14615071249858e+04
14 200 1.69029477423121e+04
14 199 2.41106069658570e+04
14 198 5.70017641393414e+04
14 197 5.59716811198570e+04
14 196 -2.73568640956908e+05
14 195 -7.03038366724686e+04
14 194 -1.28133152456857e+05
14 193 4.00833395296536e+03
14 192 2.97029845676618e+04
14 54 2.65185231130638e+03
14 55 -2.12137793461681e+04
14 56 -1.70407521846040e+04
14 57 9.86695028424697e+03
14 58 8.01266666455930e+03
14 59 -6.25366611972708e+03
14 65 -6.69729634633076e+03
14 64 2.79663261875560e+03
14 63 1.06348096806011e+04
14 62 9.86695028424986e+03
14 61 3.98114033829968e+03
14 60 -2.26916843378437e+04
14 101 1.69029477423098e+04
14 100 -4.14615071249859e+04
14 99 -1.58812553040811e+04
14 98 2.15255245810100e+04
14 97 5.70017641393421e+04
14 96 2.41106069658567e+04
14 95 -2.02485904348983e+04
14 94 1.87175134458653e+04
14 93 2.25035022983865e+04
14 92 -3.68033229655834e+04
14 91 -2.73568640956906e+05
14 90 5.59716811198570e+04
14 89 -1.20802399105347e+04
14 88 6.99712695328052e+03
14 87 1.25107908784949e+04
14 86 7.55734305718564e+03
14 85 3.31730667937601e+03
14 84 2.12232714121089e+03
14 83 -1.28133152456861e+05
14 82 -7.03038366724681e+04
14 81 1.34516600992219e+04
14 80 -2.00620682579363e+03
14 79 -1.23360574943746e+04
14 78 -1.39361276332173e+04
14 77 1.02666256588233e+04
14 76 -6.82717604418727e+03
14 75 -8.54709475484523e+03
14 74 5.21950006771220e+04
14 73 2.97029845676630e+04
14 72 4.00833395296429e+03
14 12 -3.90780013356488e+04
14 13 9.23229233508311e+04
14 221 -2.00620682579583e+03
14 15 1.54420575322448e+05
14 16 -1.35165252294174e+05
14 17 5.08084848491963e+04
14 11 -2.26916843378440e+04
14 10 3.98114033830126e+03
14 9 9.86695028424691e+03
14 8 1.06348096805984e+04
14 7 2.79663261875739e+03
14 6 -6.69729634633137e+03
14 5 -6.25366611972826e+03
14 4 8.01266666455847e+03
14 3 9.86695028424884e+03
14 2 -1.70407521846040e+04
14 1 -2.12137793461706e+04
14 0 2.65185231130702e+03
15 15 4.91185064129654e+05
15 220 1.14454532734268e+04
15 219 1.39361276332186e+04
15 218 -2.62721851275936e+04
15 217 -6.99712695327940e+03
15 216 -5.08311295725394e+03
15 215 6.82717604418464e+03
15 214 3.43944961463815e+03
15 213 -7.55734305718417e+03
15 212 2.00681339356799e+04
15 211 -1.87175134458690e+04
15 210 -1.53107698903248e+03
15 209 -5.21950006771194e+04
15 208 4.36479059222751e+04
15 207 -2.12232714121229e+03
15 206 5.43963382058711e+03
15 205 3.68033229655841e+04
15 204 -1.42998206671965e+04
15 203 -2.15255245810090e+04
15 202 5.64426927692761e+03
15 201 -4.00833395296466e+03
15 200 3.37113185206263e+04
15 199 7.03038366724681e+04
15 198 -1.98436989129327e+05
15 197 -5.59716811198565e+04
15 196 -2.17596959837050e+05
15 195 -2.41106069658569e+04
15 194 8.11123711051974e+04
15 193 4.14615071249859e+04
15 192 -2.45585593826741e+04
15 54 -2.26916843378441e+04
15 55 3.98114033829980e+03
15 56 9.86695028424884e+03
15 57 1.06348096805995e+04
15 58 2.79663261875584e+03
15 59 -6.69729634633099e+03
15 65 -6.25366611972755e+03
15 64 8.01266666456060e+03
15 63 9.86695028424839e+03
15 62 -1.70407521846049e+04
15 61 -2.12137793461688e+04
15 60 2.65185231130678e+03
15 101 3.37113185206263e+04
15 100 -4.00833395296461e+03
15 99 4.36479059222761e+04
15 98 -5.21950006771202e+04
15 97 -1.98436989129328e+05
15 96 7.03038366724685e+04
15 95 3.43944961463871e+03
15 94 6.82717604418425e+03
15 93 5.43963382058597e+03
15 92 -2.12232714121110e+03
15 91 -2.17596959837047e+05
15 90 -5.59716811198574e+04
15 89 -2.62721851275930e+04
15 88 1.39361276332179e+04
15 87 2.00681339356803e+04
15 86 -7.55734305718444e+03
15 85 -1.42998206671964e+04
15 84 3.68033229655829e+04
15 83 8.11123711051963e+04
15 82 -2.41106069658556e+04
15 81 1.14454532734270e+04
15 80 2.00620682579487e+03
15 79 -5.08311295725381e+03
15 78 -6.99712695328069e+03
15 77 -1.53107698903308e+03
15 76 -1.87175134458671e+04
15 75 5.64426927692835e+03
15 74 -2.15255245810076e+04
15 73 -2.45585593826746e+04
15 72 4.14615071249841e+04
15 12 5.08084848491960e+04
15 13 -1.35165252294172e+05
15 14 1.54420575322448e+05
15 221 2.00620682579572e+03
15 16 9.23229233508322e+04
15 17 -3.90780013356484e+04
15 11 2.65185231130676e+03
15 10 -2.12137793461689e+04
15 9 -1.70407521846052e+04
15 8 9.86695028424788e+03
15 7 8.01266666455982e+03
15 6 -6.25366611972771e+03
15 5 -6.69729634633099e+03
15 4 2.79663261875676e+03
15 3 1.06348096805995e+04
15 2 9.86695028424697e+03
15 1 3.98114033829964e+03
15 0 -2.26916843378430e+04
16 16 4.50883427007861e+05
16 220 8.82625357021102e+03
16 219 1.12989512185977e+04
16 218 -1.93344085266012e+04
16 217 2.03488310725995e+04
16 216 -1.81487735264008e+03
16 215 -4.60506988304111e+03
16 214 1.62385477074172e+04
16 213 -2.05769108247027e+04
16 212 4.94399475038185e+03
16 211 -1.11704747255420e+04
16 210 6.81792383639022e+02
16 209 -3.74379383211010e+04
16 208 2.65235821491442e+04
16 207 3.90606780909848e+04
16 206 -8.17092211742936e+03
16 205 2.25375372398628e+03
16 204 -2.56349204623911e+03
16 203 -9.40818439445632e+03
16 202 -2.07824454494892e+03
16 201 1.27610066323482e+05
16 200 -1.44687708551591e+05
16 199 -6.99160314503430e+04
16 198 -2.14164990852132e+05
16 197 -1.83432077677371e+04
16 196 8.57458859781312e+04
16 195 2.63489715290167e+04
16 194 -3.46166432121723e+04
16 193 -3.88656584607174e+04
16 192 1.13225633182359e+04
16 54 2.01693493457053e+04
16 55 7.90659510956663e+03
16 56 8.01266666455847e+03
16 57 2.79663261875676e+03
16 58 -1.12515335035118e+04
16 59 -7.07590888812217e+02
16 65 -5.56391768873214e+03
16 64 7.90659510956627e+03
16 63 3.98114033830004e+03
16 62 -2.12137793461703e+04
16 61 1.38099772455431e+04
16 60 4.10012327452461e+04
16 101 -1.44687708551589e+05
16 100 1.27610066323482e+05
16 99 2.65235821491436e+04
16 98 -3.74379383211010e+04
16 97 -2.14164990852131e+05
16 96 -6.99160314503429e+04
16 95 1.62385477074138e+04
16 94 -4.60506988303782e+03
16 93 -8.17092211742782e+03
16 92 3.90606780909837e+04
16 91 8.57458859781291e+04
16 90 -1.83432077677369e+04
16 89 -1.93344085266005e+04
16 88 1.12989512185973e+04
16 87 4.94399475038219e+03
16 86 -2.05769108247036e+04
16 85 -2.56349204624005e+03
16 84 2.25375372398752e+03
16 83 -3.46166432121706e+04
16 82 2.63489715290161e+04
16 81 8.82625357021067e+03
16 80 -3.60264707353767e+03
16 79 -1.81487735264027e+03
16 78 2.03488310726006e+04
16 77 6.81792383639291e+02
16 76 -1.11704747255416e+04
16 75 -2.07824454494882e+03
16 74 -9.40818439445842e+03
16 73 1.13225633182353e+04
16 72 -3.88656584607166e+04
16 12 -3.40653054701330e+04
16 13 9.82265013524435e+04
16 14 -1.35165252294174e+05
16 15 9.23229233508322e+04
16 221 -3.60264707353672e+03
16 17 -5.74745606115001e+03
16 11 4.10012327452460e+04
16 10 1.38099772455423e+04
16 9 -2.12137793461685e+04
16 8 3.98114033830148e+03
16 7 7.90659510956537e+03
16 6 -5.56391768873164e+03
16 5 -7.07590888811445e+02
16 4 -1.12515335035118e+04
16 3 2.79663261875584e+03
16 2 8.01266666455930e+03
16 1 7.90659510956777e+03
16 0 2.01693493457049e+04
17 17 2.38103031150953e+05
17 220 4.12019716380689e+03
17 219 2.24352513557703e+04
17 218 -1.79170694366034e+04
17 217 2.45457276135192e+03
17 216 -2.23006369605185e+02
17 215 -4.58076788505317e+04
17 214 3.81587169772468e+04
17 213 1.11984583598339e+03
17 212 1.81875477360800e+03
17 211 1.08641182257605e+04
17 210 2.23793188814072e+02
17 209 7.41333215042469e+04
17 208 -5.46290079411585e+04
17 207 -2.17851213694182e+03
17 206 -7.89424513719673e+03
17 205 -4.84658984556390e+03
17 204 9.30548921559487e+02
17 203 9.29510957415352e+03
17 202 6.93984340903158e+02
17 201 -1.07116565819519e+05
17 200 -4.36808690608877e+04
17 199 -7.04651345660604e+03
17 198 5.32534068080734e+04
17 197 6.37622939997089e+03
17 196 -2.23520041988117e+04
17 195 -9.69883244883072e+03
17 194 8.12420664915163e+03
17 193 1.40794813348898e+04
17 192 -3.05332088038589e+03
17 54 -7.03325835606075e+03
17 55 -5.56391768873097e+03
17 56 -6.25366611972826e+03
17 57 -6.69729634633099e+03
17 58 -7.07590888811445e+02
17 59 1.26190459016309e+03
17 65 -7.03325835606067e+03
17 64 2.01693493457060e+04
17 63 -2.26916843378432e+04
17 62 2.65185231130675e+03
17 61 4.10012327452459e+04
17 60 -1.02471438311006e+05
17 101 -4.36808690608878e+04
17 100 -1.07116565819519e+05
17 99 -5.46290079411600e+04
17 98 7.41333215042485e+04
17 97 5.32534068080742e+04
17 96 -7.04651345660631e+03
17 95 3.81587169772473e+04
17 94 -4.58076788505320e+04
17 93 -7.89424513719627e+03
17 92 -2.17851213694262e+03
17 91 -2.23520041988127e+04
17 90 6.37622939997103e+03
17 89 -1.79170694366020e+04
17 88 2.24352513557689e+04
17 87 1.81875477360700e+03
17 86 1.11984583598402e+03
17 85 9.30548921560178e+02
17 84 -4.84658984556348e+03
17 83 8.12420664915118e+03
17 82 -9.69883244883119e+03
17 81 4.12019716380710e+03
17 80 -7.44335922728561e+03
17 79 -2.23006369605457e+02
17 78 2.45457276135339e+03
17 77 2.23793188814713e+02
17 76 1.08641182257586e+04
17 75 6.93984340902166e+02
17 74 9.29510957415380e+03
17 73 -3.05332088038458e+03
17 72 1.40794813348903e+04
17 12 1.15789684750563e+04
17 13 -3.40653054701349e+04
17 14 5.08084848491963e+04
17 15 -3.90780013356484e+04
17 16 -5.74745606115001e+03
17 221 -7.44335922728561e+03
17 11 -1.02471438311006e+05
17 10 4.10012327452466e+04
17 9 2.65185231130718e+03
17 8 -2.26916843378440e+04
17 7 2.01693493457056e+04
17 6 -7.03325835606069e+03
17 5 1.26190459016309e+03
17 4 -7.07590888812217e+02
17 3 -6.69729634633099e+03
17 2 -6.25366611972708e+03
17 1 -5.56391768873165e+03
17 0 -7.03325835606102e+03
18 18 2.38103031150953e+05
18 19 -5.74745606114904e+03
18 20 -3.90780013356481e+04
18 21 5.08084848491959e+04
18 22 -3.40653054701340e+04
18 23 1.15789684750569e+04
18 130 3.32316206347929e+03
18 129 2.45457276135102e+03
18 128 -2.23156639174464e+03
18 127 2.24352513557692e+04
18 126 -4.51818191916721e+03
18 125 1.08641182257607e+04
18 124 -1.10879114145753e+04
18 123 1.11984583598406e+03
18 122 -2.93860060959176e+03
18 121 -4.58076788505313e+04
18 120 7.64896187328473e+03
18 119 9.29510957415335e+03
18 118 -9.98909391505615e+03
18 117 -4.84658984556388e+03
18 116 3.91604092400381e+03
18 115 -2.17851213694205e+03
18 114 1.00727572741390e+04
18 113 7.41333215042463e+04
18 112 -1.95043135630879e+04
18 111 1.40794813348900e+04
18 110 -1.10261604545041e+04
18 109 -9.69883244883077e+03
18 108 1.57462579968027e+03
18 107 6.37622939997082e+03
18 106 1.59757747988413e+04
18 105 -7.04651345660655e+03
18 104 -4.62068933514666e+04
18 103 -1.07116565819519e+05
18 102 1.50797434880406e+05
18 30 1.02471438311006e+05
18 31 -4.10012327452450e+04
18 32 -2.65185231130701e+03
18 33 2.26916843378430e+04
18 34 -2.01693493457049e+04
18 35 7.03325835606103e+03
18 29 1.26190459016327e+03
18 28 -7.07590888809563e+02
18 27 -6.69729634633117e+03
18 26 -6.25366611972839e+03
18 25 -5.56391768873063e+03
18 24 -7.03325835606117e+03
18 131 -7.44335922728780e+03
18 436 4.12019716380689e+03
18 435 2.24352513557703e+04
18 434 -1.79170694366034e+04
18 433 2.45457276135192e+03
18 432 -2.23006369605186e+02
18 431 -4.58076788505317e+04
18 430 3.81587169772468e+04
18 429 1.11984583598339e+03
18 428 1.81875477360800e+03
18 427 1.08641182257605e+04
18 426 2.23793188814072e+02
18 425 7.41333215042469e+04
18 424 -5.46290079411585e+04
18 423 -2.17851213694182e+03
18 422 -7.89424513719673e+03
18 421 -4.84658984556390e+03
18 420 9.30548921559488e+02
18 419 9.29510957415352e+03
18 418 6.93984340903157e+02
18 417 -1.07116565819519e+05
18 416 -4.36808690608877e+04
18 415 -7.04651345660604e+03
18 414 5.32534068080734e+04
18 413 6.37622939997089e+03
18 412 -2.23520041988117e+04
18 411 -9.69883244883072e+03
18 410 8.12420664915163e+03
18 409 1.40794813348898e+04
18 408 -3.05332088038588e+03
18 299 7.03325835606074e+03
18 298 5.56391768873097e+03
18 297 6.25366611972826e+03
18 296 6.69729634633099e+03
18 295 7.07590888811445e+02
18 294 -1.26190459016309e+03
18 293 7.03325835606067e+03
18 292 -2.01693493457060e+04
18 291 2.26916843378432e+04
18 290 -2.65185231130675e+03
18 289 -4.10012327452459e+04
18 288 1.02471438311006e+05
18 437 -7.44335922728561e+03
19 19 4.50883427007860e+05
19 18 -5.74745606114904e+03
19 20 9.23229233508302e+04
19 21 -1.35165252294174e+05
19 22 9.82265013524446e+04
19 23 -3.40653054701340e+04
