0 126 0 126
0 0 4.07860992664095e+00
0 115 -2.37640985435462e-01
0 114 4.29750366211185e-01
0 113 -2.03939479944092e-01
0 112 5.00059362221909e-01
0 111 -8.73197554380865e-01
0 110 -1.02922684304206e-01
0 109 3.24332913671686e-01
0 108 -8.20917241283228e-01
0 107 1.46742463948601e+00
0 61 5.65822558250244e-02
0 60 7.26564091757008e-02
0 59 5.45427239572401e-02
0 58 5.63730939045280e-02
0 57 2.30775642568441e-02
0 106 -1.94783233707130e-01
0 105 4.29750366211206e-01
0 104 -2.37640985435453e-01
0 103 -8.73197554380845e-01
0 102 5.00059362221882e-01
0 101 -2.03939479944074e-01
0 100 1.46742463948590e+00
0 99 -8.20917241283194e-01
0 98 3.24332913671674e-01
0 97 -1.02922684304178e-01
0 36 2.30775642568252e-02
0 35 5.63730939045154e-02
0 34 5.45427239572472e-02
0 33 7.26564091756953e-02
0 32 5.65822558250454e-02
0 56 9.95699238013176e-02
0 55 -1.07412596163613e-01
0 54 -1.41973624501838e-01
0 53 8.58029095811373e-01
0 52 -2.31849241047944e+00
0 3 -4.03765859753270e-02
0 96 -4.88679481763234e-01
0 95 7.96744134265973e-01
0 94 -3.03779877276607e-01
0 93 -1.29605151478409e+00
0 92 5.13404798094282e-01
0 91 -6.35761534240405e-02
0 90 2.52207078049042e+00
0 89 -9.23429410604084e-01
0 88 4.53929916436671e-02
0 87 1.66046344872725e-01
0 51 -7.23285747022299e-02
0 50 -3.55373186226416e-03
0 49 3.88389581340436e-02
0 48 1.12503782713806e-01
0 47 1.66472379850705e-01
0 46 1.43207768921558e-01
0 45 -1.95220451602535e-01
0 44 2.46355840890402e-02
0 43 6.97808823439968e-01
0 42 -2.97174378206357e+00
0 37 -7.40158025720825e-01
0 38 -1.03607030057933e-01
0 39 5.07284935918463e-01
0 40 -3.60435568783497e-01
0 41 1.01612192787409e-01
0 5 -6.05800312943646e-02
0 6 -1.82548555045495e-02
0 76 -4.88679481763202e-01
0 75 -3.03779877276647e-01
0 74 7.96744134265983e-01
0 73 -6.35761534240361e-02
0 72 5.13404798094294e-01
0 71 -1.29605151478412e+00
0 70 1.66046344872662e-01
0 69 4.53929916436479e-02
0 68 -9.23429410604085e-01
0 67 2.52207078049054e+00
0 17 -2.97174378206361e+00
0 18 6.97808823439955e-01
0 19 2.46355840890636e-02
0 20 -1.95220451602551e-01
0 21 1.43207768921595e-01
0 16 1.66472379850693e-01
0 15 1.12503782713832e-01
0 14 3.88389581340395e-02
0 13 -3.55373186224738e-03
0 12 -7.23285747022360e-02
0 11 1.01612192787465e-01
0 10 -3.60435568783467e-01
0 9 5.07284935918476e-01
0 8 -1.03607030057968e-01
0 7 -7.40158025720898e-01
0 2 -6.05800312943575e-02
0 1 -1.82548555045495e-02
0 116 -1.94783233707091e-01
1 1 2.03930496332046e+00
1 12 -2.97174378206357e+00
1 13 6.97808823439968e-01
1 14 2.46355840890404e-02
1 15 -1.95220451602535e-01
1 16 1.43207768921558e-01
1 2 -6.05800312943645e-02
1 75 7.96744134265973e-01
1 74 -3.03779877276607e-01
1 73 -1.29605151478409e+00
1 72 5.13404798094282e-01
1 71 -6.35761534240404e-02
1 70 2.52207078049042e+00
1 69 -9.23429410604085e-01
1 68 4.53929916436671e-02
1 67 1.66046344872725e-01
1 17 -7.23285747022299e-02
1 18 -3.55373186226415e-03
1 19 3.88389581340436e-02
1 20 1.12503782713806e-01
1 21 1.66472379850705e-01
1 11 -7.40158025720825e-01
1 10 -1.03607030057933e-01
1 9 5.07284935918463e-01
1 8 -3.60435568783497e-01
1 7 1.01612192787408e-01
1 76 -4.88679481763235e-01
1 0 -1.82548555045495e-02
1 311 4.29750366211206e-01
1 310 -2.37640985435453e-01
1 309 -8.73197554380846e-01
1 308 5.00059362221882e-01
1 307 -2.03939479944073e-01
1 306 1.46742463948590e+00
1 305 -8.20917241283194e-01
1 304 3.24332913671673e-01
1 303 -1.02922684304178e-01
1 207 2.30775642568252e-02
1 206 5.63730939045154e-02
1 205 5.45427239572473e-02
1 204 7.26564091756953e-02
1 203 5.65822558250454e-02
1 208 4.97849619006515e-02
1 209 -5.37062980818052e-02
1 210 -7.09868122509258e-02
1 211 4.29014547905689e-01
1 212 -1.15924620523971e+00
1 127 -2.01882929876669e-02
1 312 -1.94783233707130e-01
2 2 7.30040066141781e+00
2 12 1.54689663440237e-01
2 13 -1.22209668068502e-01
2 14 -4.59620278098764e-01
2 15 1.88462676458920e+00
2 16 -3.99030222961798e+00
2 1 -6.05800312943645e-02
2 57 -3.99030222961794e+00
2 58 1.88462676458921e+00
2 59 -4.59620278098789e-01
2 60 -1.22209668068506e-01
2 61 1.54689663440237e-01
2 3 -6.05800312943775e-02
2 115 2.68457150335651e-01
2 114 -1.36515081325901e-01
2 113 -6.56987620166778e-01
2 112 3.41228455543780e-01
2 111 -1.36515081325926e-01
2 110 1.33539017022384e+00
2 109 -6.56987620166779e-01
2 108 2.68457150335617e-01
2 107 -1.04366903780992e-01
2 52 2.92116305261533e-02
2 53 4.01542402172595e-02
2 54 3.15738654808496e-02
2 55 4.01542402172570e-02
2 56 2.92116305261833e-02
2 76 3.46313174293776e+00
2 75 -2.46444161688131e+00
2 74 -2.46444161688129e+00
2 73 1.19499240925353e+00
2 72 1.64545438136049e+00
2 71 1.19499240925355e+00
2 70 -4.78385968422125e-01
2 69 -7.84339762969170e-01
2 68 -7.84339762969188e-01
2 67 -4.78385968422047e-01
2 17 1.54689663440212e-01
2 18 -1.22209668068518e-01
2 19 -4.59620278098762e-01
2 20 1.88462676458919e+00
2 21 -3.99030222961793e+00
2 11 1.22752506249524e-01
2 10 2.28101854535824e-01
2 9 2.02546936701509e-01
2 8 2.28101854535798e-01
2 7 1.22752506249473e-01
2 116 -1.04366903781063e-01
2 0 -6.05800312943575e-02
2 311 -1.36515081325907e-01
2 310 2.68457150335629e-01
2 309 -1.36515081325939e-01
2 308 3.41228455543806e-01
2 307 -6.56987620166794e-01
2 306 -1.04366903781014e-01
2 305 2.68457150335627e-01
2 304 -6.56987620166817e-01
2 303 1.33539017022395e+00
2 208 2.92116305261639e-02
2 209 4.01542402172594e-02
2 210 3.15738654808434e-02
2 211 4.01542402172633e-02
2 212 2.92116305261728e-02
2 302 3.46313174293776e+00
2 301 -2.46444161688131e+00
2 300 -2.46444161688129e+00
2 299 1.19499240925353e+00
2 298 1.64545438136049e+00
2 297 1.19499240925355e+00
2 296 -4.78385968422125e-01
2 295 -7.84339762969169e-01
2 294 -7.84339762969188e-01
2 293 -4.78385968422047e-01
2 203 1.54689663440259e-01
2 204 -1.22209668068527e-01
2 205 -4.59620278098763e-01
2 206 1.88462676458917e+00
2 207 -3.99030222961796e+00
2 133 1.22752506249524e-01
2 134 2.28101854535824e-01
2 135 2.02546936701509e-01
2 136 2.28101854535798e-01
2 137 1.22752506249473e-01
2 312 -1.04366903781029e-01
2 127 -6.05800312943599e-02
3 3 8.15721985328187e+00
3 57 1.43207768921597e-01
3 58 -1.95220451602536e-01
3 59 2.46355840890234e-02
3 60 6.97808823439966e-01
3 61 -2.97174378206358e+00
3 2 -6.05800312943775e-02
3 22 -1.48031605144172e+00
3 23 -2.07214060115901e-01
3 24 1.01456987183694e+00
3 25 -7.20871137566964e-01
3 26 2.03224385574874e-01
3 4 -3.65097110090990e-02
3 115 -8.20917241283177e-01
3 114 -8.73197554380828e-01
3 113 3.24332913671704e-01
3 112 5.00059362221876e-01
3 111 4.29750366211197e-01
3 110 -1.02922684304261e-01
3 109 -2.03939479944075e-01
3 108 -2.37640985435489e-01
3 107 -1.94783233707078e-01
3 21 2.30775642568393e-02
3 20 5.63730939045339e-02
3 19 5.45427239572526e-02
3 18 7.26564091757059e-02
3 17 5.65822558250056e-02
3 106 1.46742463948590e+00
3 105 -8.73197554380825e-01
3 104 -8.20917241283185e-01
3 103 4.29750366211191e-01
3 102 5.00059362221877e-01
3 101 3.24332913671711e-01
3 100 -1.94783233707129e-01
3 99 -2.37640985435467e-01
3 98 -2.03939479944105e-01
3 97 -1.02922684304191e-01
3 56 -2.31849241047942e+00
3 55 8.58029095811376e-01
3 54 -1.41973624501840e-01
3 53 -1.07412596163611e-01
3 52 9.95699238013027e-02
3 42 5.65822558250336e-02
3 43 7.26564091757059e-02
3 44 5.45427239572552e-02
3 45 5.63730939045285e-02
3 46 2.30775642568151e-02
3 0 -4.03765859753270e-02
3 86 -4.88679481763201e-01
3 85 -3.03779877276647e-01
3 84 7.96744134265983e-01
3 83 -6.35761534240362e-02
3 82 5.13404798094294e-01
3 81 -1.29605151478412e+00
3 80 1.66046344872662e-01
3 79 4.53929916436480e-02
3 78 -9.23429410604084e-01
3 77 2.52207078049054e+00
3 32 -2.97174378206356e+00
3 33 6.97808823439950e-01
3 34 2.46355840890519e-02
3 35 -1.95220451602570e-01
3 36 1.43207768921585e-01
3 31 1.66472379850693e-01
3 30 1.12503782713832e-01
3 29 3.88389581340394e-02
3 28 -3.55373186224737e-03
3 27 -7.23285747022360e-02
3 5 -6.05800312943599e-02
3 116 1.46742463948590e+00
3 301 7.96744134265973e-01
3 300 -3.03779877276607e-01
3 299 -1.29605151478409e+00
3 298 5.13404798094282e-01
3 297 -6.35761534240407e-02
3 296 2.52207078049042e+00
3 295 -9.23429410604085e-01
3 294 4.53929916436673e-02
3 293 1.66046344872725e-01
3 203 -7.23285747022299e-02
3 204 -3.55373186226411e-03
3 205 3.88389581340436e-02
3 206 1.12503782713806e-01
3 207 1.66472379850705e-01
3 292 1.46742463948590e+00
3 291 -8.73197554380825e-01
3 290 -8.20917241283185e-01
3 289 4.29750366211191e-01
3 288 5.00059362221877e-01
3 287 3.24332913671711e-01
3 286 -1.94783233707129e-01
3 285 -2.37640985435467e-01
3 284 -2.03939479944105e-01
3 283 -1.02922684304191e-01
3 182 5.65822558250336e-02
3 181 7.26564091757060e-02
3 180 5.45427239572552e-02
3 179 5.63730939045285e-02
3 178 2.30775642568151e-02
3 262 -1.94783233707130e-01
3 261 4.29750366211206e-01
3 260 -2.37640985435453e-01
3 259 -8.73197554380845e-01
3 258 5.00059362221882e-01
3 257 -2.03939479944073e-01
3 256 1.46742463948590e+00
3 255 -8.20917241283194e-01
3 254 3.24332913671674e-01
3 253 -1.02922684304178e-01
3 162 2.30775642568253e-02
3 161 5.63730939045154e-02
3 160 5.45427239572472e-02
3 159 7.26564091756953e-02
3 158 5.65822558250454e-02
3 192 9.95699238013140e-02
3 191 -1.07412596163608e-01
3 190 -1.41973624501850e-01
3 189 8.58029095811378e-01
3 188 -2.31849241047942e+00
3 129 -4.03765859753339e-02
3 242 -4.88679481763235e-01
3 241 7.96744134265973e-01
3 240 -3.03779877276607e-01
3 239 -1.29605151478409e+00
3 238 5.13404798094282e-01
3 237 -6.35761534240406e-02
3 236 2.52207078049042e+00
3 235 -9.23429410604084e-01
3 234 4.53929916436669e-02
3 233 1.66046344872725e-01
3 172 -7.23285747022299e-02
3 171 -3.55373186226410e-03
3 170 3.88389581340436e-02
3 169 1.12503782713806e-01
3 168 1.66472379850704e-01
3 167 1.43207768921558e-01
3 166 -1.95220451602535e-01
3 165 2.46355840890403e-02
3 164 6.97808823439968e-01
3 163 -2.97174378206357e+00
3 131 -6.05800312943646e-02
3 222 -4.88679481763201e-01
3 221 -3.03779877276647e-01
3 220 7.96744134265983e-01
3 219 -6.35761534240361e-02
3 218 5.13404798094294e-01
3 217 -1.29605151478412e+00
3 216 1.66046344872662e-01
3 215 4.53929916436478e-02
3 214 -9.23429410604085e-01
3 213 2.52207078049054e+00
3 143 -2.97174378206356e+00
3 144 6.97808823439951e-01
3 145 2.46355840890518e-02
3 146 -1.95220451602570e-01
3 147 1.43207768921585e-01
3 142 1.66472379850693e-01
3 141 1.12503782713832e-01
3 140 3.88389581340394e-02
3 139 -3.55373186224741e-03
3 138 -7.23285747022360e-02
3 137 2.03224385574874e-01
3 136 -7.20871137566964e-01
3 135 1.01456987183694e+00
3 134 -2.07214060115901e-01
3 133 -1.48031605144172e+00
3 128 -6.05800312943598e-02
3 127 -3.65097110090991e-02
3 302 -4.88679481763235e-01
4 4 4.07860992664093e+00
4 22 2.03224385574874e-01
4 23 -7.20871137566964e-01
4 24 1.01456987183694e+00
4 25 -2.07214060115901e-01
4 26 -1.48031605144172e+00
4 3 -3.65097110090990e-02
4 125 -8.20917241283177e-01
4 124 -8.73197554380828e-01
4 123 3.24332913671704e-01
4 122 5.00059362221875e-01
4 121 4.29750366211197e-01
4 120 -1.02922684304261e-01
4 119 -2.03939479944075e-01
4 118 -2.37640985435489e-01
4 117 -1.94783233707078e-01
4 66 4.97849619006402e-02
4 65 -5.37062980818080e-02
4 64 -7.09868122509151e-02
4 63 4.29014547905687e-01
4 62 -1.15924620523970e+00
4 47 2.30775642568393e-02
4 48 5.63730939045339e-02
4 49 5.45427239572526e-02
4 50 7.26564091757059e-02
4 51 5.65822558250056e-02
4 6 -2.01882929876601e-02
4 86 -4.88679481763235e-01
4 85 7.96744134265973e-01
4 84 -3.03779877276607e-01
4 83 -1.29605151478409e+00
4 82 5.13404798094282e-01
4 81 -6.35761534240406e-02
4 80 2.52207078049042e+00
4 79 -9.23429410604085e-01
4 78 4.53929916436671e-02
4 77 1.66046344872725e-01
4 32 -7.23285747022299e-02
4 33 -3.55373186226407e-03
4 34 3.88389581340435e-02
4 35 1.12503782713806e-01
4 36 1.66472379850705e-01
4 31 1.43207768921597e-01
4 30 -1.95220451602536e-01
4 29 2.46355840890234e-02
4 28 6.97808823439966e-01
4 27 -2.97174378206358e+00
4 5 -6.05800312943774e-02
4 126 1.46742463948590e+00
4 271 -8.73197554380825e-01
4 270 -8.20917241283185e-01
4 269 4.29750366211191e-01
4 268 5.00059362221877e-01
4 267 3.24332913671711e-01
4 266 -1.94783233707129e-01
4 265 -2.37640985435467e-01
4 264 -2.03939479944105e-01
4 263 -1.02922684304191e-01
4 197 -1.15924620523972e+00
4 196 4.29014547905689e-01
4 195 -7.09868122509245e-02
4 194 -5.37062980818026e-02
4 193 4.97849619006624e-02
4 153 5.65822558250336e-02
4 154 7.26564091757059e-02
4 155 5.45427239572552e-02
4 156 5.63730939045285e-02
4 157 2.30775642568152e-02
4 130 -2.01882929876669e-02
4 242 -4.88679481763201e-01
4 241 -3.03779877276647e-01
4 240 7.96744134265983e-01
4 239 -6.35761534240361e-02
4 238 5.13404798094293e-01
4 237 -1.29605151478412e+00
4 236 1.66046344872662e-01
4 235 4.53929916436478e-02
4 234 -9.23429410604085e-01
4 233 2.52207078049054e+00
4 172 -2.97174378206356e+00
4 171 6.97808823439950e-01
4 170 2.46355840890519e-02
4 169 -1.95220451602570e-01
4 168 1.43207768921585e-01
4 167 1.66472379850693e-01
4 166 1.12503782713832e-01
4 165 3.88389581340394e-02
4 164 -3.55373186224735e-03
4 163 -7.23285747022360e-02
4 131 -6.05800312943598e-02
4 272 1.46742463948590e+00
5 5 7.30040066141781e+00
5 125 2.68457150335651e-01
5 124 -1.36515081325901e-01
5 123 -6.56987620166778e-01
5 122 3.41228455543780e-01
5 121 -1.36515081325926e-01
5 120 1.33539017022384e+00
5 119 -6.56987620166779e-01
5 118 2.68457150335617e-01
5 117 -1.04366903780992e-01
5 66 2.92116305261533e-02
5 65 4.01542402172595e-02
5 64 3.15738654808496e-02
5 63 4.01542402172570e-02
5 62 2.92116305261833e-02
5 106 -1.04366903781029e-01
5 105 -1.36515081325907e-01
5 104 2.68457150335629e-01
5 103 -1.36515081325939e-01
5 102 3.41228455543806e-01
5 101 -6.56987620166794e-01
5 100 -1.04366903781014e-01
5 99 2.68457150335627e-01
5 98 -6.56987620166818e-01
5 97 1.33539017022395e+00
5 56 2.92116305261639e-02
5 55 4.01542402172594e-02
5 54 3.15738654808434e-02
5 53 4.01542402172633e-02
5 52 2.92116305261728e-02
5 96 3.46313174293776e+00
5 95 -2.46444161688131e+00
5 94 -2.46444161688129e+00
5 93 1.19499240925353e+00
5 92 1.64545438136049e+00
5 91 1.19499240925355e+00
5 90 -4.78385968422125e-01
5 89 -7.84339762969169e-01
5 88 -7.84339762969188e-01
5 87 -4.78385968422047e-01
5 51 1.54689663440212e-01
5 50 -1.22209668068518e-01
5 49 -4.59620278098762e-01
5 48 1.88462676458919e+00
5 47 -3.99030222961793e+00
5 46 -3.99030222961798e+00
5 45 1.88462676458920e+00
5 44 -4.59620278098764e-01
5 43 -1.22209668068502e-01
5 42 1.54689663440237e-01
5 37 1.22752506249524e-01
5 38 2.28101854535824e-01
5 39 2.02546936701509e-01
5 40 2.28101854535798e-01
5 41 1.22752506249473e-01
5 0 -6.05800312943646e-02
5 6 -6.05800312943575e-02
5 86 3.46313174293776e+00
5 85 -2.46444161688131e+00
5 84 -2.46444161688129e+00
5 83 1.19499240925353e+00
5 82 1.64545438136049e+00
5 81 1.19499240925355e+00
5 80 -4.78385968422125e-01
5 79 -7.84339762969169e-01
5 78 -7.84339762969188e-01
5 77 -4.78385968422047e-01
5 32 1.54689663440259e-01
5 33 -1.22209668068526e-01
5 34 -4.59620278098763e-01
5 35 1.88462676458917e+00
5 36 -3.99030222961796e+00
5 31 -3.99030222961794e+00
5 30 1.88462676458921e+00
5 29 -4.59620278098789e-01
5 28 -1.22209668068506e-01
5 27 1.54689663440236e-01
5 26 1.22752506249524e-01
5 25 2.28101854535824e-01
5 24 2.02546936701509e-01
5 23 2.28101854535798e-01
5 22 1.22752506249473e-01
5 126 -1.04366903781063e-01
5 4 -6.05800312943774e-02
5 3 -6.05800312943599e-02
6 6 2.03930496332049e+00
6 125 -2.37640985435462e-01
6 124 4.29750366211185e-01
6 123 -2.03939479944092e-01
6 122 5.00059362221909e-01
6 121 -8.73197554380865e-01
6 120 -1.02922684304206e-01
6 119 3.24332913671686e-01
6 118 -8.20917241283229e-01
6 117 1.46742463948601e+00
6 66 -1.15924620523974e+00
6 65 4.29014547905684e-01
6 64 -7.09868122509124e-02
6 63 -5.37062980818077e-02
6 62 4.97849619006660e-02
6 27 5.65822558250245e-02
6 28 7.26564091757008e-02
6 29 5.45427239572401e-02
6 30 5.63730939045281e-02
6 31 2.30775642568441e-02
6 4 -2.01882929876601e-02
6 96 -4.88679481763201e-01
6 95 -3.03779877276647e-01
6 94 7.96744134265983e-01
6 93 -6.35761534240360e-02
6 92 5.13404798094294e-01
6 91 -1.29605151478412e+00
6 90 1.66046344872662e-01
6 89 4.53929916436480e-02
6 88 -9.23429410604085e-01
6 87 2.52207078049054e+00
6 51 -2.97174378206361e+00
6 50 6.97808823439955e-01
6 49 2.46355840890637e-02
6 48 -1.95220451602551e-01
6 47 1.43207768921596e-01
6 46 1.66472379850693e-01
6 45 1.12503782713832e-01
6 44 3.88389581340394e-02
6 43 -3.55373186224735e-03
6 42 -7.23285747022360e-02
6 37 1.01612192787465e-01
6 38 -3.60435568783467e-01
6 39 5.07284935918477e-01
6 40 -1.03607030057968e-01
6 41 -7.40158025720898e-01
6 5 -6.05800312943575e-02
6 0 -1.82548555045495e-02
6 126 -1.94783233707091e-01
7 7 9.17610594425182e+00
7 75 7.14051605482434e-01
7 74 -1.11336756797541e+00
7 73 1.78976059510292e-01
7 72 -1.18334387781987e+00
7 71 2.04259432474606e+00
7 70 -2.66650515626112e-01
7 69 -3.16145127980926e-01
7 68 2.68045391293009e+00
7 67 -9.54963903503552e+00
7 17 -1.91624204083888e+00
7 18 4.27157194635140e-01
7 19 -3.52967313665189e-01
7 20 3.88387450577686e-01
7 21 -3.13982745813540e-01
7 16 -1.69895991475694e-01
7 15 -2.57358488570747e-01
7 14 -9.98462773524121e-02
7 13 -2.56075241668381e-03
7 12 1.20398676441626e-01
7 11 -3.71210833729137e-01
7 10 9.97606003919337e-01
7 9 -1.37561091372474e+00
7 8 4.68469708650997e-01
7 76 6.10413927562819e-01
7 2 1.22752506249473e-01
7 1 1.01612192787408e-01
7 0 -7.40158025720898e-01
8 8 1.02512611605125e+01
8 75 -9.30268747994653e-01
8 74 -7.10952912663322e-02
8 73 -3.81768643285942e-01
8 72 1.66827423331548e+00
8 71 9.10221530156364e-02
8 70 -2.77316766295825e-01
8 69 1.65080294325268e+00
8 68 -1.06823245487132e+01
8 67 -4.83506090962289e+00
8 17 8.11245547911339e-01
8 18 4.60384585152843e-01
8 19 -2.16178779301930e-01
8 20 2.08708880511182e-01
8 21 -3.71642083929932e-01
8 16 -3.27216051243314e-01
8 15 3.07109742642236e-01
8 14 1.68869936164619e-01
8 13 4.92769608521224e-02
8 12 8.76566606920960e-02
8 11 9.97606003919337e-01
8 10 -1.90856066694502e+00
8 9 2.53651662833490e+00
8 76 4.80168087976783e-01
8 7 4.68469708650997e-01
8 2 2.28101854535798e-01
8 1 -3.60435568783497e-01
8 0 -1.03607030057968e-01
9 9 9.75314297618458e+00
9 75 -1.92973857905255e-01
9 74 -1.92973857905238e-01
9 73 1.06770689480411e+00
9 72 1.01326770678436e-01
9 71 1.06770689480408e+00
9 70 1.65315347920192e+00
9 69 -8.33942427631274e+00
9 68 -8.33942427631272e+00
9 67 1.65315347920197e+00
9 17 -4.80869562118603e-01
9 18 -2.58930782939240e-01
9 19 -2.30492030997225e-01
9 20 2.14135400533926e-01
9 21 -2.95368102128832e-01
9 16 -2.95368102128851e-01
9 15 2.14135400533923e-01
9 14 -2.30492030997249e-01
9 13 -2.58930782939260e-01
9 12 -4.80869562118617e-01
9 11 -1.37561091372472e+00
9 10 2.53651662833490e+00
9 76 3.32727691102437e-01
9 8 2.53651662833490e+00
9 7 -1.37561091372474e+00
9 2 2.02546936701509e-01
9 1 5.07284935918463e-01
9 0 5.07284935918476e-01
10 10 1.02512611605125e+01
10 75 -7.10952912663634e-02
10 74 -9.30268747994690e-01
10 73 9.10221530156116e-02
10 72 1.66827423331555e+00
10 71 -3.81768643286010e-01
10 70 -4.83506090962275e+00
10 69 -1.06823245487132e+01
10 68 1.65080294325267e+00
10 67 -2.77316766295682e-01
10 17 8.76566606920888e-02
10 18 4.92769608521191e-02
10 19 1.68869936164631e-01
10 20 3.07109742642221e-01
10 21 -3.27216051243328e-01
10 16 -3.71642083929947e-01
10 15 2.08708880511164e-01
10 14 -2.16178779301925e-01
10 13 4.60384585152821e-01
10 12 8.11245547911311e-01
10 11 4.68469708650988e-01
10 76 4.80168087976900e-01
10 9 2.53651662833490e+00
10 8 -1.90856066694502e+00
10 7 9.97606003919337e-01
10 2 2.28101854535824e-01
10 1 -1.03607030057933e-01
10 0 -3.60435568783467e-01
11 11 9.17610594425178e+00
11 75 -1.11336756797547e+00
11 74 7.14051605482340e-01
11 73 2.04259432474597e+00
11 72 -1.18334387781972e+00
11 71 1.78976059510186e-01
11 70 -9.54963903503521e+00
11 69 2.68045391293000e+00
11 68 -3.16145127980983e-01
11 67 -2.66650515625845e-01
11 17 1.20398676441605e-01
11 18 -2.56075241668431e-03
11 19 -9.98462773523957e-02
11 20 -2.57358488570761e-01
11 21 -1.69895991475722e-01
11 16 -3.13982745813561e-01
11 15 3.88387450577659e-01
11 14 -3.52967313665174e-01
11 13 4.27157194635130e-01
11 12 -1.91624204083891e+00
11 76 6.10413927563075e-01
11 10 4.68469708650988e-01
11 9 -1.37561091372472e+00
11 8 9.97606003919337e-01
11 7 -3.71210833729137e-01
11 2 1.22752506249524e-01
11 1 -7.40158025720825e-01
11 0 1.01612192787465e-01
12 12 9.69459309486749e+00
12 13 -1.87240676438118e+00
12 14 -2.98058524574685e-03
12 15 3.55919213161107e-01
12 16 -3.07202950531712e-01
12 1 -2.97174378206357e+00
12 2 1.54689663440237e-01
12 75 -1.65390986161264e+00
12 74 2.59853981671544e-01
12 73 2.74717762003362e+00
12 72 -4.66127879968464e-01
12 71 -7.99907123820775e-02
12 70 -2.81607938960389e+00
12 69 -5.10508711352889e-02
12 68 5.05522445476675e-01
12 67 -3.78073843128598e-01
12 17 1.40942644017727e-01
12 18 4.57120096350298e-02
12 19 3.85879522793763e-03
12 20 -1.13749568289675e-01
12 21 -4.23228537894965e-01
12 76 1.11294546900175e+00
12 11 -1.91624204083891e+00
12 10 8.11245547911311e-01
12 9 -4.80869562118617e-01
12 8 8.76566606920960e-02
12 7 1.20398676441626e-01
12 0 -7.23285747022360e-02
12 311 -5.74112699082607e-01
12 310 3.88201284038463e-01
12 309 1.33687904580301e+00
12 308 -8.39353558877588e-01
12 307 3.29757989044162e-01
12 306 -4.32296905235592e+00
12 305 1.71228537974946e+00
12 304 -6.95097209072750e-01
12 303 2.51944777738035e-01
12 207 -7.26698279013130e-02
12 206 -8.85038610671691e-02
12 205 -8.43248218475566e-02
12 204 -1.21776034960715e-01
12 203 -6.23454846493067e-02
12 208 -1.48942815078115e-01
12 209 1.85288205019588e-01
12 210 -7.07787004558611e-02
12 211 -2.78724849483618e-01
12 212 4.17523302434896e-01
12 312 2.46605777499255e-01
12 127 5.65822558250336e-02
13 13 8.85641950246139e+00
13 12 -1.87240676438118e+00
13 14 -3.38709043298470e-01
13 15 -1.54731987666791e-01
13 16 1.50402307523347e-01
13 1 6.97808823439968e-01
13 2 -1.22209668068502e-01
13 75 1.44850200167654e+00
13 74 2.59416998136463e-01
13 73 -1.89070359720557e+00
13 72 -4.32603233201319e-01
13 71 8.43145347601180e-02
13 70 -3.51572663570509e+00
13 69 3.66810657060142e-01
13 68 1.58624857627130e-01
13 67 -1.20272932936672e-01
13 17 4.57120096350306e-02
13 18 -8.50165001627078e-03
13 19 -4.97367595986537e-02
13 20 -8.77583867164585e-02
13 21 4.46891335205659e-01
13 76 -1.01640898861393e+00
13 11 4.27157194635130e-01
13 10 4.60384585152821e-01
13 9 -2.58930782939260e-01
13 8 4.92769608521224e-02
13 7 -2.56075241668381e-03
13 0 -3.55373186224738e-03
13 311 4.47601969668385e-02
13 310 -4.01690124058798e-01
13 309 -3.18971895409807e-01
13 308 8.15403780299948e-01
13 307 -2.40597126378226e-01
13 306 -3.54597724918523e-01
13 305 -4.11659319201143e+00
13 304 9.42664116100333e-01
13 303 -3.72471191521690e-01
13 207 1.34886199748247e-01
13 206 4.87560086535694e-02
13 205 7.83261110402772e-02
13 204 1.30868006380283e-01
13 203 -1.21776034960722e-01
13 208 -1.04104079201273e-01
13 209 2.95294228016765e-02
13 210 -4.25743049465588e-02
13 211 2.58794754474207e-01
13 212 -2.24835777576239e-01
13 312 1.64659591803441e-01
13 127 7.26564091757060e-02
14 14 8.79143168108679e+00
14 12 -2.98058524574685e-03
14 13 -3.38709043298470e-01
14 15 -1.23383399291977e+00
14 16 1.10003890752686e+00
14 1 2.46355840890404e-02
14 2 -4.59620278098764e-01
14 75 5.79498319697834e-01
14 74 -1.88181403708283e-01
14 73 -5.47027067753648e+00
14 72 -1.75129439992041e-01
14 71 2.33447236098025e-01
14 70 1.18476025618138e+00
14 69 1.02676307396922e+00
14 68 -1.68680069192416e-01
14 67 -2.93679273177188e-03
14 17 3.85879522793591e-03
14 18 -4.97367595986626e-02
14 19 -4.76225741210273e-02
14 20 1.06549250388617e-01
14 21 1.88081906944823e-01
14 76 -4.72116436067420e-01
14 11 -3.52967313665174e-01
14 10 -2.16178779301925e-01
14 9 -2.30492030997249e-01
14 8 1.68869936164619e-01
14 7 -9.98462773524121e-02
14 0 3.88389581340395e-02
14 311 -3.78068647834231e-03
14 310 -6.02006926719053e-02
14 309 2.64049264128114e-01
14 308 -2.87213339783501e-02
14 307 4.34510643033714e-01
14 306 3.40255647556026e-01
14 305 -2.06488860345017e+00
14 304 -2.91369444131058e+00
14 303 5.72721814386321e-01
14 207 -1.64635162156459e-01
14 206 -9.38525580586938e-02
14 205 -1.02203496652696e-01
14 204 7.83261110402815e-02
14 203 -8.43248218475490e-02
14 208 -6.97746016553273e-02
14 209 4.76547515810857e-02
14 210 -7.65462091374559e-02
14 211 -4.85725753407238e-02
14 212 -8.87238774059938e-02
14 312 7.03866527798663e-02
14 127 5.45427239572553e-02
15 15 1.06138493763250e+01
15 12 3.55919213161107e-01
15 13 -1.54731987666791e-01
15 14 -1.23383399291977e+00
15 16 -4.11198268653450e+00
15 1 -1.95220451602535e-01
15 2 1.88462676458920e+00
15 75 -7.89483811990302e+00
15 74 -1.70736811683731e+00
15 73 2.25321261902098e+00
15 72 2.28959869982396e+00
15 71 2.25504171708947e-01
15 70 -1.11222012217088e+00
15 69 -8.31474096103514e-01
15 68 -9.75099115623741e-01
15 67 3.30413531674691e-01
15 17 -1.13749568289693e-01
15 18 -8.77583867164648e-02
15 19 1.06549250388605e-01
15 20 5.89790924164894e-01
15 21 -2.00867561534826e+00
15 76 4.39036483010363e+00
15 11 3.88387450577659e-01
15 10 2.08708880511164e-01
15 9 2.14135400533923e-01
15 8 3.07109742642236e-01
15 7 -2.57358488570747e-01
15 0 1.12503782713832e-01
15 311 -2.53050317883404e-01
15 310 3.53767722029051e-02
15 309 -8.75409138709090e-02
15 308 4.33468388445643e-01
15 307 -2.79566429505683e-02
15 306 -3.59028521308607e-01
15 305 8.29760124211965e-01
15 304 -3.27419004628891e+00
15 303 -1.46385273844129e+00
15 207 1.16920925879879e-01
15 206 2.40638547838921e-01
15 205 -9.38525580586899e-02
15 204 4.87560086535748e-02
15 203 -8.85038610671675e-02
15 208 -7.92540794483771e-02
15 209 8.65865151851270e-02
15 210 4.13038329877170e-02
15 211 7.16051182181071e-03
15 212 1.43094519575405e-01
15 312 1.01426548958038e-01
15 127 5.63730939045285e-02
16 16 1.17202102791472e+01
16 12 -3.07202950531712e-01
16 13 1.50402307523347e-01
16 14 1.10003890752686e+00
16 15 -4.11198268653450e+00
16 1 1.43207768921558e-01
16 2 -3.99030222961798e+00
16 75 4.37092282372202e+00
16 74 4.21961330733896e+00
16 73 -2.36068503710752e+00
16 72 -2.57666490537944e+00
16 71 -1.74255593457709e+00
16 70 1.05993398498159e+00
16 69 1.27178139166560e+00
16 68 1.12681922306536e+00
16 67 6.71788794091319e-01
16 17 -4.23228537894968e-01
16 18 4.46891335205665e-01
16 19 1.88081906944811e-01
16 20 -2.00867561534824e+00
16 21 4.52691422848396e+00
16 76 -9.67259606528517e+00
16 11 -3.13982745813561e-01
16 10 -3.71642083929947e-01
16 9 -2.95368102128851e-01
16 8 -3.27216051243314e-01
16 7 -1.69895991475694e-01
16 0 1.66472379850693e-01
16 311 2.18881212666520e-01
16 310 -2.58698663632670e-01
16 309 1.87780684871682e-01
16 308 -5.43237104016601e-01
16 307 7.37688450610499e-01
16 306 2.59382492654062e-01
16 305 -5.95933936014016e-01
16 304 1.48446768807919e+00
16 303 -3.36097341510677e+00
16 207 -4.86476281375351e-01
16 206 1.16920925879886e-01
16 205 -1.64635162156457e-01
16 204 1.34886199748259e-01
16 203 -7.26698279013075e-02
16 208 -1.87336296247401e-02
16 209 -6.94527949625841e-02
16 210 -4.23421383042087e-02
16 211 -5.23205501149644e-02
16 212 -8.79974323309614e-02
16 312 9.93060151724792e-02
16 127 2.30775642568151e-02
17 17 9.69459309486752e+00
17 115 3.88201284038508e-01
17 114 -5.74112699082567e-01
17 113 3.29757989044220e-01
17 112 -8.39353558877672e-01
17 111 1.33687904580306e+00
17 110 2.51944777737903e-01
17 109 -6.95097209072723e-01
17 108 1.71228537974951e+00
17 107 -4.32296905235609e+00
17 52 4.17523302434925e-01
17 53 -2.78724849483614e-01
17 54 -7.07787004558706e-02
17 55 1.85288205019600e-01
17 56 -1.48942815078106e-01
17 61 -6.23454846492887e-02
17 60 -1.21776034960707e-01
17 59 -8.43248218475659e-02
17 58 -8.85038610671738e-02
17 57 -7.26698279013113e-02
17 3 5.65822558250056e-02
17 76 1.11294546900176e+00
17 75 2.59853981671554e-01
17 74 -1.65390986161266e+00
17 73 -7.99907123820959e-02
17 72 -4.66127879968468e-01
17 71 2.74717762003363e+00
17 70 -3.78073843128552e-01
17 69 5.05522445476680e-01
17 68 -5.10508711353034e-02
17 67 -2.81607938960392e+00
17 116 2.46605777499115e-01
17 18 -1.87240676438116e+00
17 19 -2.98058524576892e-03
17 20 3.55919213161109e-01
17 21 -3.07202950531720e-01
17 16 -4.23228537894968e-01
17 15 -1.13749568289693e-01
17 14 3.85879522793591e-03
17 13 4.57120096350306e-02
17 12 1.40942644017727e-01
17 11 1.20398676441605e-01
17 10 8.76566606920888e-02
17 9 -4.80869562118603e-01
17 8 8.11245547911339e-01
17 7 -1.91624204083888e+00
17 2 1.54689663440212e-01
17 1 -7.23285747022299e-02
17 0 -2.97174378206361e+00
18 18 8.85641950246140e+00
18 115 -4.01690124058803e-01
18 114 4.47601969668367e-02
18 113 -2.40597126378222e-01
18 112 8.15403780299954e-01
18 111 -3.18971895409815e-01
18 110 -3.72471191521678e-01
18 109 9.42664116100322e-01
18 108 -4.11659319201143e+00
18 107 -3.54597724918522e-01
18 52 -2.24835777576234e-01
18 53 2.58794754474211e-01
18 54 -4.25743049465609e-02
18 55 2.95294228016777e-02
18 56 -1.04104079201273e-01
18 61 -1.21776034960721e-01
18 60 1.30868006380288e-01
18 59 7.83261110402793e-02
18 58 4.87560086535702e-02
18 57 1.34886199748240e-01
18 3 7.26564091757059e-02
18 76 -1.01640898861400e+00
18 75 2.59416998136487e-01
18 74 1.44850200167657e+00
18 73 8.43145347601462e-02
18 72 -4.32603233201370e-01
18 71 -1.89070359720556e+00
18 70 -1.20272932936744e-01
18 69 1.58624857627146e-01
18 68 3.66810657060151e-01
18 67 -3.51572663570516e+00
18 17 -1.87240676438116e+00
18 116 1.64659591803443e-01
18 19 -3.38709043298467e-01
18 20 -1.54731987666789e-01
18 21 1.50402307523350e-01
18 16 4.46891335205665e-01
18 15 -8.77583867164648e-02
18 14 -4.97367595986626e-02
18 13 -8.50165001627078e-03
18 12 4.57120096350298e-02
18 11 -2.56075241668431e-03
18 10 4.92769608521191e-02
18 9 -2.58930782939240e-01
18 8 4.60384585152843e-01
18 7 4.27157194635140e-01
18 2 -1.22209668068518e-01
18 1 -3.55373186226415e-03
18 0 6.97808823439955e-01
19 19 8.79143168108678e+00
19 115 -6.02006926719034e-02
19 114 -3.78068647833925e-03
19 113 4.34510643033723e-01
19 112 -2.87213339783554e-02
19 111 2.64049264128107e-01
19 110 5.72721814386280e-01
19 109 -2.91369444131057e+00
19 108 -2.06488860345017e+00
19 107 3.40255647556052e-01
19 52 -8.87238774059956e-02
19 53 -4.85725753407148e-02
19 54 -7.65462091374464e-02
19 55 4.76547515810880e-02
19 56 -6.97746016553144e-02
19 61 -8.43248218475629e-02
19 60 7.83261110402777e-02
19 59 -1.02203496652708e-01
19 58 -9.38525580587007e-02
19 57 -1.64635162156457e-01
19 3 5.45427239572526e-02
19 76 -4.72116436067364e-01
19 75 -1.88181403708299e-01
19 74 5.79498319697823e-01
19 73 2.33447236097995e-01
19 72 -1.75129439992027e-01
19 71 -5.47027067753648e+00
19 70 -2.93679273173212e-03
19 69 -1.68680069192426e-01
19 68 1.02676307396919e+00
19 67 1.18476025618146e+00
19 17 -2.98058524576892e-03
19 18 -3.38709043298467e-01
19 116 7.03866527798594e-02
19 20 -1.23383399291978e+00
19 21 1.10003890752686e+00
19 16 1.88081906944811e-01
19 15 1.06549250388605e-01
19 14 -4.76225741210273e-02
19 13 -4.97367595986537e-02
19 12 3.85879522793763e-03
19 11 -9.98462773523957e-02
19 10 1.68869936164631e-01
19 9 -2.30492030997225e-01
19 8 -2.16178779301930e-01
19 7 -3.52967313665189e-01
19 2 -4.59620278098762e-01
19 1 3.88389581340436e-02
19 0 2.46355840890636e-02
20 20 1.06138493763250e+01
20 115 3.53767722029009e-02
20 114 -2.53050317883409e-01
20 113 -2.79566429505694e-02
20 112 4.33468388445650e-01
20 111 -8.75409138709205e-02
20 110 -1.46385273844126e+00
20 109 -3.27419004628892e+00
20 108 8.29760124211964e-01
20 107 -3.59028521308589e-01
20 52 1.43094519575409e-01
20 53 7.16051182180953e-03
20 54 4.13038329877160e-02
20 55 8.65865151851222e-02
20 56 -7.92540794483811e-02
20 61 -8.85038610671703e-02
20 60 4.87560086535702e-02
20 59 -9.38525580586865e-02
20 58 2.40638547838915e-01
20 57 1.16920925879869e-01
20 3 5.63730939045339e-02
20 76 4.39036483010353e+00
20 75 -1.70736811683728e+00
20 74 -7.89483811990299e+00
20 73 2.25504171708940e-01
20 72 2.28959869982390e+00
20 71 2.25321261902106e+00
20 70 3.30413531674621e-01
20 69 -9.75099115623674e-01
20 68 -8.31474096103522e-01
20 67 -1.11222012217103e+00
20 17 3.55919213161109e-01
20 18 -1.54731987666789e-01
20 19 -1.23383399291978e+00
20 116 1.01426548958063e-01
20 21 -4.11198268653450e+00
20 16 -2.00867561534824e+00
20 15 5.89790924164894e-01
20 14 1.06549250388617e-01
20 13 -8.77583867164585e-02
20 12 -1.13749568289675e-01
20 11 -2.57358488570761e-01
20 10 3.07109742642221e-01
20 9 2.14135400533926e-01
20 8 2.08708880511182e-01
20 7 3.88387450577686e-01
20 2 1.88462676458919e+00
20 1 1.12503782713806e-01
20 0 -1.95220451602551e-01
21 21 1.17202102791472e+01
21 115 -2.58698663632707e-01
21 114 2.18881212666482e-01
21 113 7.37688450610454e-01
21 112 -5.43237104016531e-01
21 111 1.87780684871633e-01
21 110 -3.36097341510662e+00
21 109 1.48446768807914e+00
21 108 -5.95933936014040e-01
21 107 2.59382492654177e-01
21 52 -8.79974323309614e-02
21 53 -5.23205501149625e-02
21 54 -4.23421383042022e-02
21 55 -6.94527949625939e-02
21 56 -1.87336296247558e-02
21 61 -7.26698279013159e-02
21 60 1.34886199748247e-01
21 59 -1.64635162156447e-01
21 58 1.16920925879879e-01
21 57 -4.86476281375377e-01
21 3 2.30775642568393e-02
21 76 -9.67259606528514e+00
21 75 4.21961330733895e+00
21 74 4.37092282372201e+00
21 73 -1.74255593457711e+00
21 72 -2.57666490537942e+00
21 71 -2.36068503710754e+00
21 70 6.71788794091409e-01
21 69 1.12681922306535e+00
21 68 1.27178139166558e+00
21 67 1.05993398498161e+00
21 17 -3.07202950531720e-01
21 18 1.50402307523350e-01
21 19 1.10003890752686e+00
21 20 -4.11198268653450e+00
21 116 9.93060151725973e-02
21 16 4.52691422848396e+00
21 15 -2.00867561534826e+00
21 14 1.88081906944823e-01
21 13 4.46891335205659e-01
21 12 -4.23228537894965e-01
21 11 -1.69895991475722e-01
21 10 -3.27216051243328e-01
21 9 -2.95368102128832e-01
21 8 -3.71642083929932e-01
21 7 -3.13982745813540e-01
21 2 -3.99030222961793e+00
21 1 1.66472379850705e-01
21 0 1.43207768921595e-01
22 22 1.83522118885036e+01
22 23 9.36939417301985e-01
22 24 -2.75122182744946e+00
22 25 1.99521200783867e+00
22 26 -7.42421667458274e-01
22 3 -1.48031605144172e+00
22 4 2.03224385574874e-01
22 85 7.14051605482434e-01
22 84 -1.11336756797541e+00
22 83 1.78976059510292e-01
22 82 -1.18334387781987e+00
22 81 2.04259432474606e+00
22 80 -2.66650515626112e-01
22 79 -3.16145127980926e-01
22 78 2.68045391293009e+00
22 77 -9.54963903503552e+00
22 32 -1.91624204083887e+00
22 33 4.27157194635140e-01
22 34 -3.52967313665188e-01
22 35 3.88387450577686e-01
22 36 -3.13982745813540e-01
22 31 -1.69895991475694e-01
22 30 -2.57358488570747e-01
22 29 -9.98462773524120e-02
22 28 -2.56075241668376e-03
22 27 1.20398676441626e-01
22 86 6.10413927562819e-01
22 5 1.22752506249473e-01
22 241 -1.11336756797547e+00
22 240 7.14051605482340e-01
22 239 2.04259432474597e+00
22 238 -1.18334387781972e+00
22 237 1.78976059510187e-01
22 236 -9.54963903503520e+00
22 235 2.68045391293000e+00
22 234 -3.16145127980983e-01
22 233 -2.66650515625845e-01
22 172 1.20398676441605e-01
22 171 -2.56075241668427e-03
22 170 -9.98462773523959e-02
22 169 -2.57358488570761e-01
22 168 -1.69895991475722e-01
22 167 -3.13982745813561e-01
22 166 3.88387450577659e-01
22 165 -3.52967313665174e-01
22 164 4.27157194635130e-01
22 163 -1.91624204083891e+00
22 242 6.10413927563076e-01
22 131 1.22752506249524e-01
23 23 2.05025223210250e+01
23 22 9.36939417301985e-01
23 24 5.07303325666980e+00
23 25 -3.81712133389005e+00
23 26 1.99521200783867e+00
23 3 -2.07214060115901e-01
23 4 -7.20871137566964e-01
23 85 -9.30268747994652e-01
23 84 -7.10952912663326e-02
23 83 -3.81768643285942e-01
23 82 1.66827423331548e+00
23 81 9.10221530156368e-02
23 80 -2.77316766295825e-01
23 79 1.65080294325268e+00
23 78 -1.06823245487132e+01
23 77 -4.83506090962289e+00
23 32 8.11245547911339e-01
23 33 4.60384585152842e-01
23 34 -2.16178779301930e-01
23 35 2.08708880511181e-01
23 36 -3.71642083929932e-01
23 31 -3.27216051243314e-01
23 30 3.07109742642236e-01
23 29 1.68869936164619e-01
23 28 4.92769608521221e-02
23 27 8.76566606920961e-02
23 86 4.80168087976783e-01
23 5 2.28101854535798e-01
23 241 -7.10952912663638e-02
23 240 -9.30268747994690e-01
23 239 9.10221530156110e-02
23 238 1.66827423331555e+00
23 237 -3.81768643286010e-01
23 236 -4.83506090962275e+00
23 235 -1.06823245487132e+01
23 234 1.65080294325266e+00
23 233 -2.77316766295682e-01
23 172 8.76566606920889e-02
23 171 4.92769608521192e-02
23 170 1.68869936164631e-01
23 169 3.07109742642222e-01
23 168 -3.27216051243328e-01
23 167 -3.71642083929947e-01
23 166 2.08708880511164e-01
23 165 -2.16178779301926e-01
23 164 4.60384585152821e-01
23 163 8.11245547911310e-01
23 242 4.80168087976900e-01
23 131 2.28101854535824e-01
24 24 1.95062859523692e+01
24 22 -2.75122182744946e+00
24 23 5.07303325666980e+00
24 25 5.07303325666980e+00
24 26 -2.75122182744946e+00
24 3 1.01456987183694e+00
24 4 1.01456987183694e+00
24 85 -1.92973857905255e-01
24 84 -1.92973857905239e-01
24 83 1.06770689480411e+00
24 82 1.01326770678436e-01
24 81 1.06770689480408e+00
24 80 1.65315347920192e+00
24 79 -8.33942427631274e+00
24 78 -8.33942427631272e+00
24 77 1.65315347920197e+00
24 32 -4.80869562118603e-01
24 33 -2.58930782939240e-01
24 34 -2.30492030997225e-01
24 35 2.14135400533926e-01
24 36 -2.95368102128832e-01
24 31 -2.95368102128851e-01
24 30 2.14135400533923e-01
24 29 -2.30492030997249e-01
24 28 -2.58930782939260e-01
24 27 -4.80869562118617e-01
24 86 3.32727691102437e-01
24 5 2.02546936701509e-01
24 241 -1.92973857905255e-01
24 240 -1.92973857905239e-01
24 239 1.06770689480411e+00
24 238 1.01326770678436e-01
24 237 1.06770689480408e+00
24 236 1.65315347920192e+00
24 235 -8.33942427631274e+00
24 234 -8.33942427631272e+00
24 233 1.65315347920197e+00
24 172 -4.80869562118603e-01
24 171 -2.58930782939240e-01
24 170 -2.30492030997225e-01
24 169 2.14135400533926e-01
24 168 -2.95368102128832e-01
24 167 -2.95368102128851e-01
24 166 2.14135400533923e-01
24 165 -2.30492030997249e-01
24 164 -2.58930782939260e-01
24 163 -4.80869562118617e-01
24 242 3.32727691102437e-01
24 131 2.02546936701509e-01
25 25 2.05025223210250e+01
25 22 1.99521200783867e+00
25 23 -3.81712133389005e+00
25 24 5.07303325666980e+00
25 26 9.36939417301985e-01
25 3 -7.20871137566964e-01
25 4 -2.07214060115901e-01
25 85 -7.10952912663638e-02
25 84 -9.30268747994690e-01
25 83 9.10221530156115e-02
25 82 1.66827423331555e+00
25 81 -3.81768643286010e-01
25 80 -4.83506090962275e+00
25 79 -1.06823245487132e+01
25 78 1.65080294325266e+00
25 77 -2.77316766295682e-01
25 32 8.76566606920889e-02
25 33 4.92769608521192e-02
25 34 1.68869936164631e-01
25 35 3.07109742642221e-01
25 36 -3.27216051243328e-01
25 31 -3.71642083929948e-01
25 30 2.08708880511164e-01
25 29 -2.16178779301926e-01
25 28 4.60384585152821e-01
25 27 8.11245547911310e-01
25 86 4.80168087976900e-01
25 5 2.28101854535824e-01
25 241 -9.30268747994653e-01
25 240 -7.10952912663326e-02
25 239 -3.81768643285942e-01
25 238 1.66827423331548e+00
25 237 9.10221530156364e-02
25 236 -2.77316766295826e-01
25 235 1.65080294325268e+00
25 234 -1.06823245487132e+01
25 233 -4.83506090962289e+00
25 172 8.11245547911339e-01
25 171 4.60384585152843e-01
25 170 -2.16178779301930e-01
25 169 2.08708880511181e-01
25 168 -3.71642083929932e-01
25 167 -3.27216051243314e-01
25 166 3.07109742642236e-01
25 165 1.68869936164619e-01
25 164 4.92769608521222e-02
25 163 8.76566606920960e-02
25 242 4.80168087976783e-01
25 131 2.28101854535798e-01
26 26 1.83522118885036e+01
26 22 -7.42421667458274e-01
26 23 1.99521200783867e+00
26 24 -2.75122182744946e+00
26 25 9.36939417301985e-01
26 3 2.03224385574874e-01
26 4 -1.48031605144172e+00
26 85 -1.11336756797547e+00
26 84 7.14051605482339e-01
26 83 2.04259432474597e+00
26 82 -1.18334387781972e+00
26 81 1.78976059510187e-01
26 80 -9.54963903503520e+00
26 79 2.68045391293000e+00
26 78 -3.16145127980983e-01
26 77 -2.66650515625845e-01
26 32 1.20398676441605e-01
26 33 -2.56075241668438e-03
26 34 -9.98462773523957e-02
26 35 -2.57358488570761e-01
26 36 -1.69895991475722e-01
