127 312 127 312
127 127 4.07860992664093e+00
127 311 -8.73197554380825e-01
127 310 -8.20917241283184e-01
127 309 4.29750366211191e-01
127 308 5.00059362221877e-01
127 307 3.24332913671711e-01
127 306 -1.94783233707129e-01
127 305 -2.37640985435467e-01
127 304 -2.03939479944105e-01
127 303 -1.02922684304191e-01
127 208 -1.15924620523972e+00
127 209 4.29014547905689e-01
127 210 -7.09868122509245e-02
127 211 -5.37062980818026e-02
127 212 4.97849619006624e-02
127 302 -4.88679481763201e-01
127 301 -3.03779877276647e-01
127 300 7.96744134265983e-01
127 299 -6.35761534240362e-02
127 298 5.13404798094293e-01
127 297 -1.29605151478412e+00
127 296 1.66046344872662e-01
127 295 4.53929916436479e-02
127 294 -9.23429410604084e-01
127 293 2.52207078049054e+00
127 203 -2.97174378206356e+00
127 204 6.97808823439950e-01
127 205 2.46355840890521e-02
127 206 -1.95220451602570e-01
127 207 1.43207768921585e-01
127 282 1.46742463948590e+00
127 281 -8.20917241283177e-01
127 280 -8.73197554380828e-01
127 279 3.24332913671704e-01
127 278 5.00059362221875e-01
127 277 4.29750366211197e-01
127 276 -1.02922684304261e-01
127 275 -2.03939479944075e-01
127 274 -2.37640985435489e-01
127 273 -1.94783233707078e-01
127 202 4.97849619006402e-02
127 201 -5.37062980818080e-02
127 200 -7.09868122509152e-02
127 199 4.29014547905687e-01
127 198 -1.15924620523970e+00
127 183 2.30775642568393e-02
127 184 5.63730939045339e-02
127 185 5.45427239572526e-02
127 186 7.26564091757059e-02
127 187 5.65822558250057e-02
127 132 -2.01882929876601e-02
127 222 -4.88679481763235e-01
127 221 7.96744134265973e-01
127 220 -3.03779877276607e-01
127 219 -1.29605151478409e+00
127 218 5.13404798094282e-01
127 217 -6.35761534240405e-02
127 216 2.52207078049042e+00
127 215 -9.23429410604085e-01
127 214 4.53929916436673e-02
127 213 1.66046344872725e-01
127 143 -7.23285747022299e-02
127 144 -3.55373186226411e-03
127 145 3.88389581340436e-02
127 146 1.12503782713806e-01
127 147 1.66472379850704e-01
127 142 1.43207768921597e-01
127 141 -1.95220451602536e-01
127 140 2.46355840890235e-02
127 139 6.97808823439966e-01
127 138 -2.97174378206358e+00
127 137 -1.48031605144172e+00
127 136 -2.07214060115902e-01
127 135 1.01456987183694e+00
127 134 -7.20871137566964e-01
127 133 2.03224385574874e-01
127 128 -6.05800312943774e-02
127 312 1.46742463948590e+00
127 12 5.65822558250336e-02
127 13 7.26564091757060e-02
127 14 5.45427239572553e-02
127 15 5.63730939045285e-02
127 16 2.30775642568151e-02
127 1 -2.01882929876669e-02
127 57 1.66472379850693e-01
127 58 1.12503782713832e-01
127 59 3.88389581340394e-02
127 60 -3.55373186224739e-03
127 61 -7.23285747022360e-02
127 2 -6.05800312943599e-02
127 3 -3.65097110090991e-02
128 128 7.30040066141781e+00
128 291 -1.36515081325907e-01
128 290 2.68457150335629e-01
128 289 -1.36515081325939e-01
128 288 3.41228455543806e-01
128 287 -6.56987620166794e-01
128 286 -1.04366903781014e-01
128 285 2.68457150335627e-01
128 284 -6.56987620166818e-01
128 283 1.33539017022395e+00
128 188 2.92116305261639e-02
128 189 4.01542402172594e-02
128 190 3.15738654808434e-02
128 191 4.01542402172633e-02
128 192 2.92116305261728e-02
128 282 -1.04366903781063e-01
128 281 2.68457150335651e-01
128 280 -1.36515081325901e-01
128 279 -6.56987620166778e-01
128 278 3.41228455543780e-01
128 277 -1.36515081325926e-01
128 276 1.33539017022384e+00
128 275 -6.56987620166779e-01
128 274 2.68457150335617e-01
128 273 -1.04366903780992e-01
128 202 2.92116305261533e-02
128 201 4.01542402172594e-02
128 200 3.15738654808496e-02
128 199 4.01542402172570e-02
128 198 2.92116305261833e-02
128 252 3.46313174293776e+00
128 251 -2.46444161688131e+00
128 250 -2.46444161688129e+00
128 249 1.19499240925353e+00
128 248 1.64545438136049e+00
128 247 1.19499240925355e+00
128 246 -4.78385968422125e-01
128 245 -7.84339762969169e-01
128 244 -7.84339762969188e-01
128 243 -4.78385968422047e-01
128 187 1.54689663440212e-01
128 186 -1.22209668068518e-01
128 185 -4.59620278098762e-01
128 184 1.88462676458919e+00
128 183 -3.99030222961793e+00
128 178 -3.99030222961798e+00
128 179 1.88462676458920e+00
128 180 -4.59620278098764e-01
128 181 -1.22209668068502e-01
128 182 1.54689663440237e-01
128 173 1.22752506249524e-01
128 174 2.28101854535824e-01
128 175 2.02546936701509e-01
128 176 2.28101854535798e-01
128 177 1.22752506249473e-01
128 129 -6.05800312943646e-02
128 132 -6.05800312943575e-02
128 222 3.46313174293776e+00
128 221 -2.46444161688131e+00
128 220 -2.46444161688129e+00
128 219 1.19499240925353e+00
128 218 1.64545438136049e+00
128 217 1.19499240925355e+00
128 216 -4.78385968422125e-01
128 215 -7.84339762969170e-01
128 214 -7.84339762969188e-01
128 213 -4.78385968422047e-01
128 143 1.54689663440259e-01
128 144 -1.22209668068526e-01
128 145 -4.59620278098763e-01
128 146 1.88462676458917e+00
128 147 -3.99030222961796e+00
128 142 -3.99030222961793e+00
128 141 1.88462676458921e+00
128 140 -4.59620278098789e-01
128 139 -1.22209668068506e-01
128 138 1.54689663440236e-01
128 137 1.22752506249524e-01
128 136 2.28101854535824e-01
128 135 2.02546936701509e-01
128 134 2.28101854535798e-01
128 133 1.22752506249473e-01
128 292 -1.04366903781029e-01
128 127 -6.05800312943774e-02
128 3 -6.05800312943598e-02
129 129 4.07860992664094e+00
129 291 4.29750366211206e-01
129 290 -2.37640985435453e-01
129 289 -8.73197554380845e-01
129 288 5.00059362221882e-01
129 287 -2.03939479944073e-01
129 286 1.46742463948590e+00
129 285 -8.20917241283194e-01
129 284 3.24332913671674e-01
129 283 -1.02922684304178e-01
129 147 2.30775642568252e-02
129 146 5.63730939045154e-02
129 145 5.45427239572472e-02
129 144 7.26564091756953e-02
129 143 5.65822558250454e-02
129 262 1.46742463948590e+00
129 261 -8.73197554380825e-01
129 260 -8.20917241283185e-01
129 259 4.29750366211191e-01
129 258 5.00059362221877e-01
129 257 3.24332913671711e-01
129 256 -1.94783233707129e-01
129 255 -2.37640985435467e-01
129 254 -2.03939479944105e-01
129 253 -1.02922684304191e-01
129 192 -2.31849241047942e+00
129 191 8.58029095811378e-01
129 190 -1.41973624501850e-01
129 189 -1.07412596163608e-01
129 188 9.95699238013140e-02
129 163 5.65822558250336e-02
129 164 7.26564091757059e-02
129 165 5.45427239572552e-02
129 166 5.63730939045285e-02
129 167 2.30775642568152e-02
129 252 -4.88679481763235e-01
129 251 7.96744134265973e-01
129 250 -3.03779877276607e-01
129 249 -1.29605151478409e+00
129 248 5.13404798094282e-01
129 247 -6.35761534240407e-02
129 246 2.52207078049042e+00
129 245 -9.23429410604085e-01
129 244 4.53929916436673e-02
129 243 1.66046344872725e-01
129 187 -7.23285747022299e-02
129 186 -3.55373186226417e-03
129 185 3.88389581340436e-02
129 184 1.12503782713806e-01
129 183 1.66472379850704e-01
129 178 1.43207768921557e-01
129 179 -1.95220451602534e-01
129 180 2.46355840890402e-02
129 181 6.97808823439968e-01
129 182 -2.97174378206357e+00
129 173 -7.40158025720825e-01
129 174 -1.03607030057933e-01
129 175 5.07284935918463e-01
129 176 -3.60435568783497e-01
129 177 1.01612192787409e-01
129 128 -6.05800312943646e-02
129 132 -1.82548555045495e-02
129 232 -4.88679481763201e-01
129 231 -3.03779877276647e-01
129 230 7.96744134265983e-01
129 229 -6.35761534240361e-02
129 228 5.13404798094293e-01
129 227 -1.29605151478412e+00
129 226 1.66046344872662e-01
129 225 4.53929916436478e-02
129 224 -9.23429410604085e-01
129 223 2.52207078049054e+00
129 158 -2.97174378206356e+00
129 159 6.97808823439950e-01
129 160 2.46355840890519e-02
129 161 -1.95220451602570e-01
129 162 1.43207768921585e-01
129 157 1.66472379850693e-01
129 156 1.12503782713832e-01
129 155 3.88389581340394e-02
129 154 -3.55373186224735e-03
129 153 -7.23285747022360e-02
129 152 1.01612192787465e-01
129 151 -3.60435568783467e-01
129 150 5.07284935918476e-01
129 149 -1.03607030057968e-01
129 148 -7.40158025720898e-01
129 131 -6.05800312943598e-02
129 130 -1.82548555045496e-02
129 292 -1.94783233707130e-01
129 3 -4.03765859753339e-02
130 130 2.03930496332046e+00
130 271 4.29750366211206e-01
130 270 -2.37640985435453e-01
130 269 -8.73197554380845e-01
130 268 5.00059362221882e-01
130 267 -2.03939479944073e-01
130 266 1.46742463948590e+00
130 265 -8.20917241283194e-01
130 264 3.24332913671674e-01
130 263 -1.02922684304178e-01
130 168 2.30775642568253e-02
130 169 5.63730939045154e-02
130 170 5.45427239572472e-02
130 171 7.26564091756953e-02
130 172 5.65822558250454e-02
130 197 4.97849619006515e-02
130 196 -5.37062980818052e-02
130 195 -7.09868122509258e-02
130 194 4.29014547905689e-01
130 193 -1.15924620523971e+00
130 232 -4.88679481763235e-01
130 231 7.96744134265973e-01
130 230 -3.03779877276607e-01
130 229 -1.29605151478409e+00
130 228 5.13404798094282e-01
130 227 -6.35761534240406e-02
130 226 2.52207078049042e+00
130 225 -9.23429410604084e-01
130 224 4.53929916436669e-02
130 223 1.66046344872725e-01
130 158 -7.23285747022299e-02
130 159 -3.55373186226410e-03
130 160 3.88389581340436e-02
130 161 1.12503782713806e-01
130 162 1.66472379850704e-01
130 157 1.43207768921558e-01
130 156 -1.95220451602535e-01
130 155 2.46355840890403e-02
130 154 6.97808823439968e-01
130 153 -2.97174378206357e+00
130 152 -7.40158025720825e-01
130 151 -1.03607030057933e-01
130 150 5.07284935918463e-01
130 149 -3.60435568783497e-01
130 148 1.01612192787408e-01
130 131 -6.05800312943646e-02
130 272 -1.94783233707130e-01
130 129 -1.82548555045496e-02
130 4 -2.01882929876669e-02
131 131 7.30040066141783e+00
131 271 -1.36515081325907e-01
131 270 2.68457150335629e-01
131 269 -1.36515081325939e-01
131 268 3.41228455543806e-01
131 267 -6.56987620166794e-01
131 266 -1.04366903781014e-01
131 265 2.68457150335627e-01
131 264 -6.56987620166818e-01
131 263 1.33539017022395e+00
131 197 2.92116305261639e-02
131 196 4.01542402172594e-02
131 195 3.15738654808434e-02
131 194 4.01542402172633e-02
131 193 2.92116305261728e-02
131 262 -1.04366903781029e-01
131 261 -1.36515081325907e-01
131 260 2.68457150335629e-01
131 259 -1.36515081325939e-01
131 258 3.41228455543806e-01
131 257 -6.56987620166794e-01
131 256 -1.04366903781014e-01
131 255 2.68457150335627e-01
131 254 -6.56987620166818e-01
131 253 1.33539017022395e+00
131 192 2.92116305261639e-02
131 191 4.01542402172594e-02
131 190 3.15738654808434e-02
131 189 4.01542402172633e-02
131 188 2.92116305261728e-02
131 242 3.46313174293776e+00
131 241 -2.46444161688131e+00
131 240 -2.46444161688129e+00
131 239 1.19499240925353e+00
131 238 1.64545438136049e+00
131 237 1.19499240925355e+00
131 236 -4.78385968422125e-01
131 235 -7.84339762969170e-01
131 234 -7.84339762969188e-01
131 233 -4.78385968422047e-01
131 172 1.54689663440259e-01
131 171 -1.22209668068526e-01
131 170 -4.59620278098763e-01
131 169 1.88462676458917e+00
131 168 -3.99030222961796e+00
131 167 -3.99030222961798e+00
131 166 1.88462676458920e+00
131 165 -4.59620278098764e-01
131 164 -1.22209668068502e-01
131 163 1.54689663440237e-01
131 232 3.46313174293776e+00
131 231 -2.46444161688131e+00
131 230 -2.46444161688129e+00
131 229 1.19499240925353e+00
131 228 1.64545438136049e+00
131 227 1.19499240925355e+00
131 226 -4.78385968422125e-01
131 225 -7.84339762969170e-01
131 224 -7.84339762969188e-01
131 223 -4.78385968422047e-01
131 158 1.54689663440259e-01
131 159 -1.22209668068526e-01
131 160 -4.59620278098763e-01
131 161 1.88462676458917e+00
131 162 -3.99030222961796e+00
131 157 -3.99030222961798e+00
131 156 1.88462676458920e+00
131 155 -4.59620278098764e-01
131 154 -1.22209668068502e-01
131 153 1.54689663440237e-01
131 152 1.22752506249524e-01
131 151 2.28101854535824e-01
131 150 2.02546936701509e-01
131 149 2.28101854535798e-01
131 148 1.22752506249473e-01
131 272 -1.04366903781029e-01
131 130 -6.05800312943646e-02
131 129 -6.05800312943598e-02
131 22 1.22752506249524e-01
131 23 2.28101854535824e-01
131 24 2.02546936701509e-01
131 25 2.28101854535798e-01
131 26 1.22752506249473e-01
131 3 -6.05800312943646e-02
131 4 -6.05800312943598e-02
132 132 2.03930496332049e+00
132 281 -2.37640985435462e-01
132 280 4.29750366211186e-01
132 279 -2.03939479944092e-01
132 278 5.00059362221909e-01
132 277 -8.73197554380865e-01
132 276 -1.02922684304206e-01
132 275 3.24332913671686e-01
132 274 -8.20917241283228e-01
132 273 1.46742463948601e+00
132 202 -1.15924620523974e+00
132 201 4.29014547905684e-01
132 200 -7.09868122509125e-02
132 199 -5.37062980818078e-02
132 198 4.97849619006661e-02
132 138 5.65822558250245e-02
132 139 7.26564091757008e-02
132 140 5.45427239572401e-02
132 141 5.63730939045281e-02
132 142 2.30775642568441e-02
132 127 -2.01882929876601e-02
132 252 -4.88679481763201e-01
132 251 -3.03779877276647e-01
132 250 7.96744134265983e-01
132 249 -6.35761534240361e-02
132 248 5.13404798094293e-01
132 247 -1.29605151478412e+00
132 246 1.66046344872662e-01
132 245 4.53929916436478e-02
132 244 -9.23429410604084e-01
132 243 2.52207078049054e+00
132 187 -2.97174378206361e+00
132 186 6.97808823439955e-01
132 185 2.46355840890638e-02
132 184 -1.95220451602551e-01
132 183 1.43207768921595e-01
132 178 1.66472379850693e-01
132 179 1.12503782713832e-01
132 180 3.88389581340394e-02
132 181 -3.55373186224738e-03
132 182 -7.23285747022359e-02
132 173 1.01612192787465e-01
132 174 -3.60435568783467e-01
132 175 5.07284935918476e-01
132 176 -1.03607030057968e-01
132 177 -7.40158025720897e-01
132 128 -6.05800312943575e-02
132 129 -1.82548555045495e-02
132 282 -1.94783233707091e-01
133 133 1.83522118885036e+01
133 301 -1.11336756797547e+00
133 300 7.14051605482339e-01
133 299 2.04259432474597e+00
133 298 -1.18334387781972e+00
133 297 1.78976059510187e-01
133 296 -9.54963903503520e+00
133 295 2.68045391293000e+00
133 294 -3.16145127980983e-01
133 293 -2.66650515625845e-01
133 203 1.20398676441605e-01
133 204 -2.56075241668444e-03
133 205 -9.98462773523959e-02
133 206 -2.57358488570761e-01
133 207 -1.69895991475722e-01
133 222 6.10413927562819e-01
133 221 7.14051605482434e-01
133 220 -1.11336756797541e+00
133 219 1.78976059510292e-01
133 218 -1.18334387781987e+00
133 217 2.04259432474606e+00
133 216 -2.66650515626112e-01
133 215 -3.16145127980925e-01
133 214 2.68045391293009e+00
133 213 -9.54963903503552e+00
133 143 -1.91624204083887e+00
133 144 4.27157194635140e-01
133 145 -3.52967313665188e-01
133 146 3.88387450577686e-01
133 147 -3.13982745813540e-01
133 142 -1.69895991475694e-01
133 141 -2.57358488570747e-01
133 140 -9.98462773524121e-02
133 139 -2.56075241668378e-03
133 138 1.20398676441626e-01
133 137 -7.42421667458274e-01
133 136 1.99521200783867e+00
133 135 -2.75122182744946e+00
133 134 9.36939417301984e-01
133 302 6.10413927563076e-01
133 128 1.22752506249473e-01
133 127 2.03224385574874e-01
133 57 -3.13982745813561e-01
133 58 3.88387450577659e-01
133 59 -3.52967313665174e-01
133 60 4.27157194635129e-01
133 61 -1.91624204083891e+00
133 2 1.22752506249524e-01
133 3 -1.48031605144172e+00
134 134 2.05025223210250e+01
134 301 -7.10952912663635e-02
134 300 -9.30268747994690e-01
134 299 9.10221530156115e-02
134 298 1.66827423331555e+00
134 297 -3.81768643286010e-01
134 296 -4.83506090962275e+00
134 295 -1.06823245487132e+01
134 294 1.65080294325267e+00
134 293 -2.77316766295682e-01
134 203 8.76566606920890e-02
134 204 4.92769608521193e-02
134 205 1.68869936164631e-01
134 206 3.07109742642221e-01
134 207 -3.27216051243328e-01
134 222 4.80168087976783e-01
134 221 -9.30268747994652e-01
134 220 -7.10952912663326e-02
134 219 -3.81768643285942e-01
134 218 1.66827423331548e+00
134 217 9.10221530156364e-02
134 216 -2.77316766295825e-01
134 215 1.65080294325268e+00
134 214 -1.06823245487132e+01
134 213 -4.83506090962289e+00
134 143 8.11245547911339e-01
134 144 4.60384585152843e-01
134 145 -2.16178779301930e-01
134 146 2.08708880511181e-01
134 147 -3.71642083929932e-01
134 142 -3.27216051243314e-01
134 141 3.07109742642236e-01
134 140 1.68869936164619e-01
134 139 4.92769608521223e-02
134 138 8.76566606920960e-02
134 137 1.99521200783867e+00
134 136 -3.81712133389005e+00
134 135 5.07303325666980e+00
134 302 4.80168087976900e-01
134 133 9.36939417301984e-01
134 128 2.28101854535798e-01
134 127 -7.20871137566964e-01
134 57 -3.71642083929947e-01
134 58 2.08708880511164e-01
134 59 -2.16178779301926e-01
134 60 4.60384585152821e-01
134 61 8.11245547911310e-01
134 2 2.28101854535824e-01
134 3 -2.07214060115901e-01
135 135 1.95062859523692e+01
135 301 -1.92973857905255e-01
135 300 -1.92973857905239e-01
135 299 1.06770689480411e+00
135 298 1.01326770678435e-01
135 297 1.06770689480408e+00
135 296 1.65315347920192e+00
135 295 -8.33942427631274e+00
135 294 -8.33942427631272e+00
135 293 1.65315347920197e+00
135 203 -4.80869562118603e-01
135 204 -2.58930782939240e-01
135 205 -2.30492030997225e-01
135 206 2.14135400533926e-01
135 207 -2.95368102128832e-01
135 222 3.32727691102437e-01
135 221 -1.92973857905255e-01
135 220 -1.92973857905239e-01
135 219 1.06770689480411e+00
135 218 1.01326770678436e-01
135 217 1.06770689480408e+00
135 216 1.65315347920192e+00
135 215 -8.33942427631274e+00
135 214 -8.33942427631272e+00
135 213 1.65315347920197e+00
135 143 -4.80869562118603e-01
135 144 -2.58930782939240e-01
135 145 -2.30492030997224e-01
135 146 2.14135400533926e-01
135 147 -2.95368102128832e-01
135 142 -2.95368102128851e-01
135 141 2.14135400533923e-01
135 140 -2.30492030997249e-01
135 139 -2.58930782939260e-01
135 138 -4.80869562118617e-01
135 137 -2.75122182744946e+00
135 136 5.07303325666980e+00
135 302 3.32727691102437e-01
135 134 5.07303325666980e+00
135 133 -2.75122182744946e+00
135 128 2.02546936701509e-01
135 127 1.01456987183694e+00
135 57 -2.95368102128851e-01
135 58 2.14135400533923e-01
135 59 -2.30492030997249e-01
135 60 -2.58930782939260e-01
135 61 -4.80869562118617e-01
135 2 2.02546936701509e-01
135 3 1.01456987183694e+00
136 136 2.05025223210250e+01
136 301 -9.30268747994652e-01
136 300 -7.10952912663331e-02
136 299 -3.81768643285942e-01
136 298 1.66827423331548e+00
136 297 9.10221530156373e-02
136 296 -2.77316766295825e-01
136 295 1.65080294325268e+00
136 294 -1.06823245487132e+01
136 293 -4.83506090962289e+00
136 203 8.11245547911339e-01
136 204 4.60384585152843e-01
136 205 -2.16178779301930e-01
136 206 2.08708880511181e-01
136 207 -3.71642083929932e-01
136 222 4.80168087976899e-01
136 221 -7.10952912663633e-02
136 220 -9.30268747994690e-01
136 219 9.10221530156111e-02
136 218 1.66827423331555e+00
136 217 -3.81768643286009e-01
136 216 -4.83506090962275e+00
136 215 -1.06823245487132e+01
136 214 1.65080294325266e+00
136 213 -2.77316766295682e-01
136 143 8.76566606920888e-02
136 144 4.92769608521190e-02
136 145 1.68869936164631e-01
136 146 3.07109742642221e-01
136 147 -3.27216051243328e-01
136 142 -3.71642083929947e-01
136 141 2.08708880511164e-01
136 140 -2.16178779301925e-01
136 139 4.60384585152821e-01
136 138 8.11245547911310e-01
136 137 9.36939417301985e-01
136 302 4.80168087976783e-01
136 135 5.07303325666980e+00
136 134 -3.81712133389005e+00
136 133 1.99521200783867e+00
136 128 2.28101854535824e-01
136 127 -2.07214060115902e-01
136 57 -3.27216051243314e-01
136 58 3.07109742642236e-01
136 59 1.68869936164619e-01
136 60 4.92769608521223e-02
136 61 8.76566606920961e-02
136 2 2.28101854535798e-01
136 3 -7.20871137566964e-01
137 137 1.83522118885036e+01
137 301 7.14051605482433e-01
137 300 -1.11336756797541e+00
137 299 1.78976059510292e-01
137 298 -1.18334387781987e+00
137 297 2.04259432474606e+00
137 296 -2.66650515626112e-01
137 295 -3.16145127980926e-01
137 294 2.68045391293009e+00
137 293 -9.54963903503552e+00
137 203 -1.91624204083888e+00
137 204 4.27157194635141e-01
137 205 -3.52967313665189e-01
137 206 3.88387450577686e-01
137 207 -3.13982745813540e-01
137 222 6.10413927563076e-01
137 221 -1.11336756797547e+00
137 220 7.14051605482340e-01
137 219 2.04259432474597e+00
137 218 -1.18334387781972e+00
137 217 1.78976059510187e-01
137 216 -9.54963903503520e+00
137 215 2.68045391293000e+00
137 214 -3.16145127980984e-01
137 213 -2.66650515625846e-01
137 143 1.20398676441605e-01
137 144 -2.56075241668434e-03
137 145 -9.98462773523958e-02
137 146 -2.57358488570761e-01
137 147 -1.69895991475722e-01
137 142 -3.13982745813561e-01
137 141 3.88387450577659e-01
137 140 -3.52967313665174e-01
137 139 4.27157194635130e-01
137 138 -1.91624204083891e+00
137 302 6.10413927562819e-01
137 136 9.36939417301985e-01
137 135 -2.75122182744946e+00
137 134 1.99521200783867e+00
137 133 -7.42421667458274e-01
137 128 1.22752506249524e-01
137 127 -1.48031605144172e+00
137 57 -1.69895991475694e-01
137 58 -2.57358488570747e-01
137 59 -9.98462773524120e-02
137 60 -2.56075241668387e-03
137 61 1.20398676441626e-01
137 2 1.22752506249473e-01
137 3 2.03224385574874e-01
138 138 9.69459309486750e+00
138 281 1.71228537974945e+00
138 280 1.33687904580302e+00
138 279 -6.95097209072755e-01
138 278 -8.39353558877610e-01
138 277 -5.74112699082588e-01
138 276 2.51944777738031e-01
138 275 3.29757989044176e-01
138 274 3.88201284038492e-01
138 273 2.46605777499194e-01
138 202 -1.48942815078112e-01
138 201 1.85288205019584e-01
138 200 -7.07787004558727e-02
138 199 -2.78724849483619e-01
138 198 4.17523302434892e-01
138 183 -7.26698279013158e-02
138 184 -8.85038610671704e-02
138 185 -8.43248218475631e-02
138 186 -1.21776034960721e-01
138 187 -6.23454846492888e-02
138 132 5.65822558250245e-02
138 222 1.11294546900175e+00
138 221 -1.65390986161264e+00
138 220 2.59853981671544e-01
138 219 2.74717762003362e+00
138 218 -4.66127879968464e-01
138 217 -7.99907123820774e-02
138 216 -2.81607938960389e+00
138 215 -5.10508711352887e-02
138 214 5.05522445476675e-01
138 213 -3.78073843128598e-01
138 143 1.40942644017727e-01
138 144 4.57120096350299e-02
138 145 3.85879522793765e-03
138 146 -1.13749568289675e-01
138 147 -4.23228537894965e-01
138 142 -3.07202950531718e-01
138 141 3.55919213161113e-01
138 140 -2.98058524573273e-03
138 139 -1.87240676438118e+00
138 282 -4.32296905235594e+00
138 137 -1.91624204083891e+00
138 136 8.11245547911310e-01
138 135 -4.80869562118617e-01
138 134 8.76566606920960e-02
138 133 1.20398676441626e-01
138 128 1.54689663440236e-01
138 127 -2.97174378206358e+00
138 3 -7.23285747022360e-02
139 139 8.85641950246138e+00
139 281 -4.11659319201144e+00
139 280 -3.18971895409796e-01
139 279 9.42664116100325e-01
139 278 8.15403780299932e-01
139 277 4.47601969668634e-02
139 276 -3.72471191521698e-01
139 275 -2.40597126378210e-01
139 274 -4.01690124058793e-01
139 273 1.64659591803397e-01
139 202 -1.04104079201275e-01
139 201 2.95294228016761e-02
139 200 -4.25743049465716e-02
139 199 2.58794754474206e-01
139 198 -2.24835777576245e-01
139 183 1.34886199748247e-01
139 184 4.87560086535703e-02
139 185 7.83261110402778e-02
139 186 1.30868006380288e-01
139 187 -1.21776034960707e-01
139 132 7.26564091757008e-02
139 222 -1.01640898861393e+00
139 221 1.44850200167654e+00
139 220 2.59416998136463e-01
139 219 -1.89070359720557e+00
139 218 -4.32603233201319e-01
139 217 8.43145347601179e-02
139 216 -3.51572663570509e+00
139 215 3.66810657060142e-01
139 214 1.58624857627129e-01
139 213 -1.20272932936672e-01
139 143 4.57120096350305e-02
139 144 -8.50165001627078e-03
139 145 -4.97367595986537e-02
139 146 -8.77583867164584e-02
139 147 4.46891335205659e-01
139 142 1.50402307523348e-01
139 141 -1.54731987666786e-01
139 140 -3.38709043298459e-01
139 282 -3.54597724918544e-01
139 138 -1.87240676438118e+00
139 137 4.27157194635130e-01
139 136 4.60384585152821e-01
139 135 -2.58930782939260e-01
139 134 4.92769608521223e-02
139 133 -2.56075241668378e-03
139 128 -1.22209668068506e-01
139 127 6.97808823439966e-01
139 3 -3.55373186224741e-03
140 140 8.79143168108679e+00
140 281 -2.06488860345015e+00
140 280 2.64049264128151e-01
140 279 -2.91369444131055e+00
140 278 -2.87213339783981e-02
140 277 -3.78068647831723e-03
140 276 5.72721814386201e-01
140 275 4.34510643033748e-01
140 274 -6.02006926718862e-02
140 273 7.03866527797915e-02
140 202 -6.97746016553278e-02
140 201 4.76547515810840e-02
140 200 -7.65462091374607e-02
140 199 -4.85725753407175e-02
140 198 -8.87238774059860e-02
140 183 -1.64635162156447e-01
140 184 -9.38525580586866e-02
140 185 -1.02203496652708e-01
140 186 7.83261110402793e-02
140 187 -8.43248218475660e-02
140 132 5.45427239572401e-02
140 222 -4.72116436067420e-01
140 221 5.79498319697834e-01
140 220 -1.88181403708284e-01
140 219 -5.47027067753648e+00
140 218 -1.75129439992041e-01
140 217 2.33447236098025e-01
140 216 1.18476025618138e+00
140 215 1.02676307396922e+00
140 214 -1.68680069192415e-01
140 213 -2.93679273177176e-03
140 143 3.85879522793599e-03
140 144 -4.97367595986626e-02
140 145 -4.76225741210273e-02
140 146 1.06549250388617e-01
140 147 1.88081906944823e-01
140 142 1.10003890752689e+00
140 141 -1.23383399291976e+00
140 282 3.40255647555940e-01
140 139 -3.38709043298459e-01
140 138 -2.98058524573273e-03
140 137 -3.52967313665174e-01
140 136 -2.16178779301925e-01
140 135 -2.30492030997249e-01
140 134 1.68869936164619e-01
140 133 -9.98462773524121e-02
140 128 -4.59620278098789e-01
140 127 2.46355840890235e-02
140 3 3.88389581340394e-02
141 141 1.06138493763250e+01
141 281 8.29760124211954e-01
141 280 -8.75409138708983e-02
141 279 -3.27419004628892e+00
141 278 4.33468388445635e-01
141 277 -2.53050317883410e-01
141 276 -1.46385273844130e+00
141 275 -2.79566429505506e-02
141 274 3.53767722029197e-02
141 273 1.01426548958031e-01
141 202 -7.92540794483770e-02
141 201 8.65865151851268e-02
141 200 4.13038329877128e-02
141 199 7.16051182180669e-03
141 198 1.43094519575406e-01
141 183 1.16920925879879e-01
141 184 2.40638547838915e-01
141 185 -9.38525580587009e-02
141 186 4.87560086535702e-02
141 187 -8.85038610671739e-02
141 132 5.63730939045281e-02
141 222 4.39036483010363e+00
141 221 -7.89483811990302e+00
141 220 -1.70736811683731e+00
141 219 2.25321261902098e+00
141 218 2.28959869982396e+00
141 217 2.25504171708947e-01
141 216 -1.11222012217088e+00
141 215 -8.31474096103514e-01
141 214 -9.75099115623740e-01
141 213 3.30413531674691e-01
141 143 -1.13749568289693e-01
141 144 -8.77583867164648e-02
141 145 1.06549250388604e-01
141 146 5.89790924164894e-01
141 147 -2.00867561534826e+00
141 142 -4.11198268653451e+00
141 282 -3.59028521308615e-01
141 140 -1.23383399291976e+00
141 139 -1.54731987666786e-01
141 138 3.55919213161113e-01
141 137 3.88387450577659e-01
141 136 2.08708880511164e-01
141 135 2.14135400533923e-01
141 134 3.07109742642236e-01
141 133 -2.57358488570747e-01
141 128 1.88462676458921e+00
141 127 -1.95220451602536e-01
141 3 1.12503782713832e-01
142 142 1.17202102791472e+01
142 281 -5.95933936014076e-01
142 280 1.87780684871626e-01
142 279 1.48446768807912e+00
142 278 -5.43237104016514e-01
142 277 2.18881212666483e-01
142 276 -3.36097341510657e+00
142 275 7.37688450610450e-01
142 274 -2.58698663632702e-01
142 273 9.93060151726143e-02
142 202 -1.87336296247497e-02
142 201 -6.94527949625987e-02
142 200 -4.23421383042020e-02
142 199 -5.23205501149644e-02
142 198 -8.79974323309787e-02
142 183 -4.86476281375377e-01
142 184 1.16920925879869e-01
142 185 -1.64635162156457e-01
142 186 1.34886199748240e-01
142 187 -7.26698279013111e-02
142 132 2.30775642568441e-02
142 222 -9.67259606528517e+00
142 221 4.37092282372202e+00
142 220 4.21961330733896e+00
142 219 -2.36068503710752e+00
142 218 -2.57666490537944e+00
142 217 -1.74255593457709e+00
142 216 1.05993398498159e+00
142 215 1.27178139166560e+00
142 214 1.12681922306536e+00
142 213 6.71788794091319e-01
142 143 -4.23228537894968e-01
142 144 4.46891335205665e-01
142 145 1.88081906944811e-01
142 146 -2.00867561534824e+00
142 147 4.52691422848396e+00
142 282 2.59382492654247e-01
142 141 -4.11198268653451e+00
142 140 1.10003890752689e+00
142 139 1.50402307523348e-01
142 138 -3.07202950531718e-01
142 137 -3.13982745813561e-01
142 136 -3.71642083929947e-01
142 135 -2.95368102128851e-01
142 134 -3.27216051243314e-01
142 133 -1.69895991475694e-01
142 128 -3.99030222961793e+00
142 127 1.43207768921597e-01
142 3 1.66472379850693e-01
143 143 9.69459309486749e+00
143 291 1.33687904580299e+00
143 290 1.71228537974943e+00
143 289 -5.74112699082618e-01
143 288 -8.39353558877565e-01
143 287 -6.95097209072789e-01
143 286 2.46605777499313e-01
143 285 3.88201284038456e-01
143 284 3.29757989044157e-01
143 283 2.51944777738100e-01
143 188 4.17523302434889e-01
143 189 -2.78724849483630e-01
143 190 -7.07787004558653e-02
143 191 1.85288205019579e-01
143 192 -1.48942815078131e-01
143 182 -6.23454846493066e-02
143 181 -1.21776034960722e-01
143 180 -8.43248218475490e-02
143 179 -8.85038610671674e-02
143 178 -7.26698279013075e-02
143 129 5.65822558250454e-02
143 222 1.11294546900176e+00
143 221 2.59853981671554e-01
143 220 -1.65390986161266e+00
143 219 -7.99907123820957e-02
143 218 -4.66127879968468e-01
143 217 2.74717762003363e+00
143 216 -3.78073843128551e-01
143 215 5.05522445476680e-01
143 214 -5.10508711353036e-02
143 213 -2.81607938960392e+00
143 292 -4.32296905235587e+00
143 144 -1.87240676438117e+00
143 145 -2.98058524574961e-03
143 146 3.55919213161119e-01
143 147 -3.07202950531730e-01
143 142 -4.23228537894968e-01
143 141 -1.13749568289693e-01
143 140 3.85879522793599e-03
143 139 4.57120096350305e-02
143 138 1.40942644017727e-01
143 137 1.20398676441605e-01
143 136 8.76566606920888e-02
143 135 -4.80869562118603e-01
143 134 8.11245547911339e-01
143 133 -1.91624204083887e+00
143 128 1.54689663440259e-01
143 127 -7.23285747022299e-02
143 3 -2.97174378206356e+00
144 144 8.85641950246140e+00
144 291 -3.18971895409800e-01
144 290 -4.11659319201142e+00
144 289 4.47601969668637e-02
144 288 8.15403780299918e-01
144 287 9.42664116100346e-01
144 286 1.64659591803401e-01
144 285 -4.01690124058787e-01
144 284 -2.40597126378210e-01
144 283 -3.72471191521732e-01
144 188 -2.24835777576236e-01
144 189 2.58794754474205e-01
144 190 -4.25743049465664e-02
144 191 2.95294228016703e-02
144 192 -1.04104079201277e-01
144 182 -1.21776034960715e-01
144 181 1.30868006380283e-01
144 180 7.83261110402814e-02
144 179 4.87560086535747e-02
144 178 1.34886199748259e-01
144 129 7.26564091756953e-02
144 222 -1.01640898861400e+00
144 221 2.59416998136487e-01
144 220 1.44850200167657e+00
144 219 8.43145347601462e-02
144 218 -4.32603233201370e-01
144 217 -1.89070359720556e+00
144 216 -1.20272932936744e-01
144 215 1.58624857627146e-01
144 214 3.66810657060151e-01
144 213 -3.51572663570516e+00
144 143 -1.87240676438117e+00
144 292 -3.54597724918555e-01
144 145 -3.38709043298468e-01
144 146 -1.54731987666782e-01
144 147 1.50402307523358e-01
144 142 4.46891335205665e-01
144 141 -8.77583867164648e-02
144 140 -4.97367595986626e-02
144 139 -8.50165001627078e-03
144 138 4.57120096350299e-02
144 137 -2.56075241668434e-03
144 136 4.92769608521190e-02
144 135 -2.58930782939240e-01
144 134 4.60384585152843e-01
144 133 4.27157194635140e-01
144 128 -1.22209668068526e-01
144 127 -3.55373186226411e-03
144 3 6.97808823439951e-01
145 145 8.79143168108678e+00
145 291 2.64049264128136e-01
145 290 -2.06488860345016e+00
145 289 -3.78068647833653e-03
145 288 -2.87213339783746e-02
145 287 -2.91369444131055e+00
145 286 7.03866527798331e-02
145 285 -6.02006926718936e-02
145 284 4.34510643033718e-01
145 283 5.72721814386276e-01
145 188 -8.87238774059936e-02
145 189 -4.85725753407234e-02
145 190 -7.65462091374592e-02
145 191 4.76547515810840e-02
145 192 -6.97746016553231e-02
145 182 -8.43248218475566e-02
145 181 7.83261110402771e-02
145 180 -1.02203496652696e-01
145 179 -9.38525580586898e-02
145 178 -1.64635162156457e-01
145 129 5.45427239572472e-02
145 222 -4.72116436067364e-01
145 221 -1.88181403708299e-01
145 220 5.79498319697823e-01
145 219 2.33447236097995e-01
145 218 -1.75129439992027e-01
145 217 -5.47027067753648e+00
145 216 -2.93679273173214e-03
145 215 -1.68680069192426e-01
145 214 1.02676307396919e+00
145 213 1.18476025618146e+00
145 143 -2.98058524574961e-03
145 144 -3.38709043298468e-01
145 292 3.40255647555994e-01
145 146 -1.23383399291978e+00
145 147 1.10003890752686e+00
145 142 1.88081906944811e-01
145 141 1.06549250388604e-01
145 140 -4.76225741210273e-02
145 139 -4.97367595986537e-02
145 138 3.85879522793765e-03
145 137 -9.98462773523958e-02
145 136 1.68869936164631e-01
145 135 -2.30492030997224e-01
145 134 -2.16178779301930e-01
145 133 -3.52967313665188e-01
145 128 -4.59620278098763e-01
145 127 3.88389581340436e-02
145 3 2.46355840890518e-02
146 146 1.06138493763250e+01
146 291 -8.75409138708843e-02
146 290 8.29760124211975e-01
146 289 -2.53050317883392e-01
146 288 4.33468388445607e-01
146 287 -3.27419004628891e+00
146 286 1.01426548957979e-01
146 285 3.53767722029363e-02
146 284 -2.79566429505407e-02
146 283 -1.46385273844135e+00
146 188 1.43094519575412e-01
146 189 7.16051182181153e-03
146 190 4.13038329877107e-02
146 191 8.65865151851273e-02
146 192 -7.92540794483790e-02
146 182 -8.85038610671692e-02
146 181 4.87560086535693e-02
146 180 -9.38525580586937e-02
146 179 2.40638547838921e-01
146 178 1.16920925879885e-01
146 129 5.63730939045154e-02
146 222 4.39036483010353e+00
146 221 -1.70736811683727e+00
146 220 -7.89483811990299e+00
146 219 2.25504171708940e-01
146 218 2.28959869982390e+00
146 217 2.25321261902106e+00
146 216 3.30413531674621e-01
146 215 -9.75099115623674e-01
146 214 -8.31474096103522e-01
146 213 -1.11222012217103e+00
146 143 3.55919213161119e-01
146 144 -1.54731987666782e-01
146 145 -1.23383399291978e+00
146 292 -3.59028521308678e-01
146 147 -4.11198268653449e+00
146 142 -2.00867561534824e+00
146 141 5.89790924164894e-01
146 140 1.06549250388617e-01
146 139 -8.77583867164584e-02
146 138 -1.13749568289675e-01
146 137 -2.57358488570761e-01
146 136 3.07109742642221e-01
146 135 2.14135400533926e-01
146 134 2.08708880511181e-01
146 133 3.88387450577686e-01
146 128 1.88462676458917e+00
146 127 1.12503782713806e-01
146 3 -1.95220451602570e-01
147 147 1.17202102791472e+01
147 291 1.87780684871658e-01
147 290 -5.95933936014043e-01
147 289 2.18881212666515e-01
147 288 -5.43237104016578e-01
147 287 1.48446768807916e+00
147 286 9.93060151725305e-02
147 285 -2.58698663632680e-01
147 284 7.37688450610493e-01
147 283 -3.36097341510672e+00
147 188 -8.79974323309618e-02
147 189 -5.23205501149632e-02
147 190 -4.23421383042065e-02
147 191 -6.94527949625934e-02
147 192 -1.87336296247509e-02
147 182 -7.26698279013129e-02
147 181 1.34886199748247e-01
147 180 -1.64635162156458e-01
147 179 1.16920925879879e-01
147 178 -4.86476281375350e-01
147 129 2.30775642568252e-02
147 222 -9.67259606528514e+00
147 221 4.21961330733895e+00
147 220 4.37092282372201e+00
147 219 -1.74255593457711e+00
147 218 -2.57666490537942e+00
147 217 -2.36068503710754e+00
147 216 6.71788794091409e-01
147 215 1.12681922306535e+00
147 214 1.27178139166558e+00
147 213 1.05993398498161e+00
147 143 -3.07202950531730e-01
147 144 1.50402307523358e-01
147 145 1.10003890752686e+00
147 146 -4.11198268653449e+00
147 292 2.59382492654130e-01
147 142 4.52691422848396e+00
147 141 -2.00867561534826e+00
147 140 1.88081906944823e-01
147 139 4.46891335205659e-01
147 138 -4.23228537894965e-01
147 137 -1.69895991475722e-01
147 136 -3.27216051243328e-01
147 135 -2.95368102128832e-01
147 134 -3.71642083929932e-01
147 133 -3.13982745813540e-01
147 128 -3.99030222961796e+00
147 127 1.66472379850704e-01
147 3 1.43207768921585e-01
148 148 9.17610594425182e+00
148 231 7.14051605482434e-01
148 230 -1.11336756797541e+00
148 229 1.78976059510292e-01
148 228 -1.18334387781987e+00
148 227 2.04259432474606e+00
148 226 -2.66650515626112e-01
148 225 -3.16145127980926e-01
148 224 2.68045391293009e+00
148 223 -9.54963903503552e+00
148 158 -1.91624204083888e+00
148 159 4.27157194635141e-01
148 160 -3.52967313665188e-01
148 161 3.88387450577686e-01
148 162 -3.13982745813540e-01
148 157 -1.69895991475694e-01
148 156 -2.57358488570747e-01
148 155 -9.98462773524120e-02
148 154 -2.56075241668378e-03
148 153 1.20398676441626e-01
148 152 -3.71210833729137e-01
148 151 9.97606003919336e-01
148 150 -1.37561091372474e+00
148 149 4.68469708650998e-01
148 232 6.10413927562819e-01
148 131 1.22752506249473e-01
148 130 1.01612192787408e-01
148 129 -7.40158025720898e-01
149 149 1.02512611605125e+01
149 231 -9.30268747994653e-01
149 230 -7.10952912663326e-02
149 229 -3.81768643285942e-01
149 228 1.66827423331548e+00
149 227 9.10221530156364e-02
149 226 -2.77316766295826e-01
149 225 1.65080294325268e+00
149 224 -1.06823245487132e+01
149 223 -4.83506090962289e+00
149 158 8.11245547911339e-01
149 159 4.60384585152843e-01
149 160 -2.16178779301930e-01
149 161 2.08708880511181e-01
149 162 -3.71642083929932e-01
149 157 -3.27216051243314e-01
149 156 3.07109742642236e-01
149 155 1.68869936164619e-01
149 154 4.92769608521222e-02
149 153 8.76566606920960e-02
149 152 9.97606003919336e-01
149 151 -1.90856066694502e+00
149 150 2.53651662833490e+00
149 232 4.80168087976783e-01
149 148 4.68469708650998e-01
149 131 2.28101854535798e-01
149 130 -3.60435568783497e-01
149 129 -1.03607030057968e-01
150 150 9.75314297618458e+00
150 231 -1.92973857905255e-01
150 230 -1.92973857905239e-01
150 229 1.06770689480411e+00
150 228 1.01326770678436e-01
150 227 1.06770689480408e+00
150 226 1.65315347920192e+00
150 225 -8.33942427631274e+00
150 224 -8.33942427631272e+00
150 223 1.65315347920197e+00
150 158 -4.80869562118603e-01
150 159 -2.58930782939240e-01
150 160 -2.30492030997225e-01
150 161 2.14135400533926e-01
150 162 -2.95368102128832e-01
150 157 -2.95368102128851e-01
150 156 2.14135400533923e-01
150 155 -2.30492030997249e-01
150 154 -2.58930782939260e-01
150 153 -4.80869562118617e-01
150 152 -1.37561091372472e+00
150 151 2.53651662833490e+00
150 232 3.32727691102437e-01
150 149 2.53651662833490e+00
150 148 -1.37561091372474e+00
150 131 2.02546936701509e-01
150 130 5.07284935918463e-01
150 129 5.07284935918476e-01
151 151 1.02512611605125e+01
151 231 -7.10952912663638e-02
151 230 -9.30268747994690e-01
151 229 9.10221530156110e-02
151 228 1.66827423331555e+00
151 227 -3.81768643286010e-01
151 226 -4.83506090962275e+00
151 225 -1.06823245487132e+01
151 224 1.65080294325266e+00
151 223 -2.77316766295682e-01
151 158 8.76566606920889e-02
151 159 4.92769608521192e-02
151 160 1.68869936164631e-01
151 161 3.07109742642222e-01
151 162 -3.27216051243328e-01
151 157 -3.71642083929947e-01
151 156 2.08708880511164e-01
151 155 -2.16178779301926e-01
151 154 4.60384585152821e-01
151 153 8.11245547911310e-01
151 152 4.68469708650988e-01
151 232 4.80168087976900e-01
151 150 2.53651662833490e+00
151 149 -1.90856066694502e+00
151 148 9.97606003919336e-01
151 131 2.28101854535824e-01
151 130 -1.03607030057933e-01
151 129 -3.60435568783467e-01
152 152 9.17610594425178e+00
152 231 -1.11336756797547e+00
152 230 7.14051605482340e-01
152 229 2.04259432474597e+00
152 228 -1.18334387781972e+00
152 227 1.78976059510187e-01
152 226 -9.54963903503520e+00
152 225 2.68045391293000e+00
152 224 -3.16145127980983e-01
152 223 -2.66650515625845e-01
152 158 1.20398676441605e-01
152 159 -2.56075241668427e-03
152 160 -9.98462773523959e-02
152 161 -2.57358488570761e-01
152 162 -1.69895991475722e-01
152 157 -3.13982745813561e-01
152 156 3.88387450577659e-01
152 155 -3.52967313665174e-01
152 154 4.27157194635130e-01
152 153 -1.91624204083891e+00
152 232 6.10413927563076e-01
152 151 4.68469708650988e-01
152 150 -1.37561091372472e+00
152 149 9.97606003919336e-01
152 148 -3.71210833729137e-01
152 131 1.22752506249524e-01
152 130 -7.40158025720825e-01
152 129 1.01612192787465e-01
153 153 9.69459309486749e+00
153 271 -5.74112699082607e-01
153 270 3.88201284038463e-01
153 269 1.33687904580301e+00
153 268 -8.39353558877588e-01
153 267 3.29757989044162e-01
153 266 -4.32296905235592e+00
153 265 1.71228537974946e+00
153 264 -6.95097209072750e-01
153 263 2.51944777738035e-01
153 168 -7.26698279013130e-02
153 169 -8.85038610671691e-02
153 170 -8.43248218475565e-02
153 171 -1.21776034960715e-01
153 172 -6.23454846493068e-02
153 197 -1.48942815078115e-01
153 196 1.85288205019587e-01
153 195 -7.07787004558612e-02
153 194 -2.78724849483618e-01
153 193 4.17523302434896e-01
153 232 1.11294546900175e+00
153 231 -1.65390986161264e+00
153 230 2.59853981671544e-01
153 229 2.74717762003362e+00
153 228 -4.66127879968464e-01
153 227 -7.99907123820774e-02
153 226 -2.81607938960389e+00
153 225 -5.10508711352886e-02
153 224 5.05522445476675e-01
153 223 -3.78073843128598e-01
153 158 1.40942644017727e-01
153 159 4.57120096350298e-02
153 160 3.85879522793760e-03
