252 647 252 647
252 252 1.21472565177559e+03
252 616 -1.93165136975920e+01
252 615 1.11503608546907e+02
252 614 -2.98066034004562e+01
252 613 -1.85690164413064e+02
252 612 8.64409629890058e+01
252 611 -2.60085451701738e+02
252 610 2.34969122846959e+02
252 609 4.47988104564049e+02
252 608 -3.21597075549800e+02
252 607 1.49662114271382e+02
252 606 6.52185020498271e+01
252 605 3.17118160352411e+02
252 604 -4.32156427297931e+02
252 603 -3.16981833913568e+02
252 602 4.08319917159872e+02
252 601 2.78833851779910e+02
252 600 -3.45128823738849e+02
252 599 2.03863840889545e+02
252 598 7.73601330381967e+01
252 597 -2.37728072699745e+02
252 596 7.22988422929247e+02
252 595 7.00261944287475e+01
252 594 -6.64794102334635e+02
252 593 -7.69491289360463e+01
252 592 5.16346188635022e+02
252 591 3.27479731554834e+01
252 590 -2.34897297674117e+02
252 589 4.86795682532238e+01
252 588 4.45488074358201e+01
252 336 -3.09919564761702e+01
252 337 -1.37951768336172e+02
252 338 -2.03952162392327e+02
252 339 -8.14514216553990e+01
252 340 4.87688804387093e+01
252 341 1.59558563860062e+01
252 377 -1.08631714711467e+02
252 376 1.55928795022342e+02
252 375 -4.54668101950661e+02
252 374 2.43014734648019e+02
252 373 2.73020028922621e+02
252 372 -2.00037640024779e+02
252 371 3.66452308579426e+02
252 370 -5.26141824891759e+02
252 369 1.09691270855671e+03
252 368 -3.09472337682290e+02
252 367 -6.36827260313086e+02
252 366 6.14981068301262e+01
252 365 4.99166910033542e+02
252 364 -6.88585584772249e+02
252 363 6.82733296882678e+02
252 362 1.62325286127686e+02
252 361 -7.76139809202713e+02
252 360 -2.23644117482928e+02
252 359 7.76473608698145e+02
252 358 2.81674749167018e+02
252 357 1.19193426164697e+02
252 356 -2.28272556904006e+02
252 355 8.01844235767797e+01
252 354 4.94968863752450e+02
252 353 -1.88412318502209e+02
252 352 -1.07587726990055e+03
252 351 1.71461299570699e+02
252 350 1.45630758981549e+03
252 349 -5.82084527397957e+02
252 348 -1.18817495309039e+03
252 264 1.11729115267892e+02
252 265 2.54584661812808e+02
252 266 -5.41731965540144e+02
252 267 5.77929286076961e+02
252 268 -2.33983092863638e+02
252 269 2.12910220739135e+01
252 263 3.90684071014861e+01
252 262 1.19412109808859e+02
252 261 -1.99436321262881e+02
252 260 -4.99383167960372e+02
252 259 -3.37779164924735e+02
252 258 -7.58847625090919e+01
252 257 1.36307530052563e+02
252 256 -4.70881953571039e+02
252 255 5.03021962652438e+02
252 254 2.22620574103201e+02
252 253 -1.07139774464673e+03
252 617 -4.43660790776459e+01
252 60 8.69542721923850e+00
252 61 -9.55606051915642e+01
252 62 2.36031038223934e+02
252 63 -2.21247757028361e+02
252 64 1.03974454126483e+02
252 65 4.56310827498213e+01
253 253 2.78443194512553e+03
253 616 1.87059489814833e+02
253 615 6.12723285087707e+02
253 614 -4.58225744567923e+02
253 613 2.91476188921873e+02
253 612 -9.51091371677672e+01
253 611 -5.05120944932875e+02
253 610 3.36255897180669e+02
253 609 -6.01958127212425e+02
253 608 4.28627723803822e+02
253 607 -1.88410224281390e+02
253 606 -9.87608463131719e+01
253 605 3.85332333999199e+02
253 604 -2.69507904152166e+02
253 603 8.44786424488909e+02
253 602 -7.16177034147215e+02
253 601 -6.19654147152031e+02
253 600 5.85478668039574e+02
253 599 -3.98235129356979e+02
253 598 -1.25070588733444e+02
253 597 5.84278520458752e+01
253 596 -3.77925769017819e+02
253 595 -2.34097408488471e+02
253 594 1.35576964355575e+03
253 593 1.77360867498384e+02
253 592 -1.18390219094588e+03
253 591 -6.61837024011139e+01
253 590 7.31060223173166e+02
253 589 -1.99001302888382e+02
253 588 -2.00125409289462e+02
253 336 1.30740391017845e+02
253 337 3.03287220491133e+02
253 338 3.51613352766125e+02
253 339 4.08971652899908e+01
253 340 -6.87529741887721e+01
253 341 1.30641973685272e+02
253 377 -1.02427474477666e+03
253 376 5.66253807292808e+02
253 375 7.13688449788601e+02
253 374 -4.80810790323273e+02
253 373 1.50027188533360e+03
253 372 -3.78291999074034e+02
253 371 -4.61328252537696e+02
253 370 7.03147234615742e+02
253 369 -1.47391306383216e+03
253 368 4.24404845443846e+02
253 367 -1.23680423254599e+03
253 366 4.13471284222360e+02
253 365 -9.75091012317228e+02
253 364 1.28133021119485e+03
253 363 -1.51724231513336e+03
253 362 8.36797159959147e+01
253 361 2.06848564860868e+03
253 360 -3.14904063898848e+02
253 359 9.43498119426396e+02
253 358 -2.83599693309235e+02
253 357 -4.87260835575207e+02
253 356 9.77274080387464e+02
253 355 -1.62052839179183e+02
253 354 -1.62797069347547e+03
253 353 4.34273561234288e+02
253 352 2.46454751393799e+03
253 351 -5.73194733956385e+02
253 350 -2.74644910645092e+03
253 349 1.43062400072406e+02
253 348 7.82300516271452e+02
253 264 -7.72636136570187e+01
253 265 -2.28684416832472e+02
253 266 -3.30289742404140e+02
253 267 5.13923066076275e+02
253 268 -8.52400775635187e+02
253 269 4.05912490980313e+02
253 263 3.19880906984721e+02
253 262 -1.68343780494148e+02
253 261 1.00137972177130e+02
253 260 8.60936152585413e+02
253 259 7.42608125328089e+02
253 258 3.20121884862803e+02
253 257 -4.70881953571029e+02
253 256 1.19639282607910e+03
253 255 -7.27192149215379e+02
253 254 -1.02414628750090e+03
253 617 -4.18322167193270e+02
253 252 -1.07139774464673e+03
253 60 1.65777974887718e+02
253 61 -3.48127435143103e+02
253 62 2.09890375475875e+02
253 63 -1.34893027040638e+02
253 64 -9.33965826459454e+01
253 65 -3.15550905409021e+01
254 254 1.85324206384069e+03
254 616 1.16192320273668e+02
254 615 3.42466470222680e+02
254 614 -2.26998768027393e+02
254 613 3.54444132689302e+02
254 612 -6.64388544764909e+01
254 611 -4.76204040271867e+02
254 610 4.55459744440632e+02
254 609 -5.58717717338825e+02
254 608 1.62307245387802e+02
254 607 3.79551379972820e-01
254 606 3.55538874940836e+01
254 605 2.85327843762765e+02
254 604 -2.03265004336151e+02
254 603 -1.09457067464771e+02
254 602 -3.95507076722525e+01
254 601 4.47973280445093e+02
254 600 -1.59272768341012e+02
254 599 2.06734197562474e+02
254 598 3.80443606824099e+00
254 597 -4.18878118472128e+00
254 596 -7.54513664538125e+01
254 595 1.61459538471670e+02
254 594 -1.49065282389952e+02
254 593 -2.69259799035756e+02
254 592 8.11462158748020e+02
254 591 1.19066337865885e+02
254 590 -7.95746135515706e+02
254 589 2.57538488458276e+02
254 588 3.07299282003340e+02
254 336 -1.84490610616447e+02
254 337 -2.39245172250514e+02
254 338 -6.97373710647950e+01
254 339 -3.51946813775577e+01
254 340 -1.26009033444289e+02
254 341 1.18129227399484e+02
254 377 -7.28996841600041e+02
254 376 4.44496357220225e+02
254 375 8.67867404645938e+02
254 374 -7.05189817730709e+02
254 373 8.38539728208639e+02
254 372 -2.82726234637684e+02
254 371 9.29343275115400e-01
254 370 -8.79841347607182e+01
254 369 -1.36803758492905e+03
254 368 9.70623282310602e+02
254 367 -1.16600029848709e+03
254 366 5.07930489571550e+01
254 365 5.06195066987719e+02
254 364 -5.15510346187411e+02
254 363 1.09687641124366e+03
254 362 -7.06892119383344e+02
254 361 -2.68009009882770e+02
254 360 3.64850139002306e+02
254 359 6.98634036796785e+02
254 358 -2.00933396557286e+02
254 357 6.30590942157477e+02
254 356 -1.38302272399660e+03
254 355 2.91537605208273e+02
254 354 1.65687138141325e+03
254 353 -6.59290933077734e+02
254 352 -1.32759922176201e+03
254 351 3.95338666055929e+02
254 350 -3.03477187689279e+01
254 349 -1.02563600865230e+01
254 348 1.95001360897847e+02
254 264 -5.41660644585900e+01
254 265 -5.27405554586270e+02
254 266 4.66972210977651e+02
254 267 4.60847058582489e+02
254 268 -4.56822343033627e+02
254 269 2.50634345208566e+02
254 263 2.89243061291938e+02
254 262 -3.08537009732622e+02
254 261 -8.61752642165532e+01
254 260 -1.70754106644766e+02
254 259 -5.85799192498224e+02
254 258 -4.51730957435851e+02
254 257 5.03021962652451e+02
254 256 -7.27192149215383e+02
254 255 -4.73140752757154e+02
254 617 -2.97728261104109e+02
254 253 -1.02414628750090e+03
254 252 2.22620574103201e+02
254 60 1.02361112577840e+02
254 61 -1.86569974056917e+02
254 62 1.88213700741871e+02
254 63 1.90715262981316e+02
254 64 -2.15396733844488e+02
254 65 -2.21218628968479e+01
255 255 1.85324206384069e+03
255 616 -1.81535940830432e+02
255 615 -3.54444132689276e+02
255 614 2.88005278212795e+02
255 613 -3.42466470222680e+02
255 612 1.15467702195292e+02
255 611 -3.79551380033156e-01
255 610 3.59334388741122e+01
255 609 5.58717717338780e+02
255 608 -3.96410471951016e+02
255 607 4.76204040271911e+02
255 606 -2.07442958312365e+01
255 605 -2.06734197562412e+02
255 604 2.10538633630662e+02
255 603 -4.47973280445062e+02
255 602 2.88700512104072e+02
255 601 1.09457067464775e+02
255 600 -1.49007775137023e+02
255 599 -2.85327843762801e+02
255 598 8.20628394266204e+01
255 597 -2.57538488458274e+02
255 596 5.64837770461633e+02
255 595 -1.19066337865877e+02
255 594 -6.76679797649835e+02
255 593 2.69259799035747e+02
255 592 5.42202359712273e+02
255 591 -1.61459538471658e+02
255 590 1.23942560817101e+01
255 589 4.18878118472425e+00
255 588 -7.96401476385250e+01
255 336 2.21218628968430e+01
255 337 2.15396733844499e+02
255 338 -1.90715262981322e+02
255 339 -1.88213700741893e+02
255 340 1.86569974056917e+02
255 341 -1.02361112577833e+02
255 377 7.28996841600107e+02
255 376 -2.84500484379859e+02
255 375 -8.38539728208641e+02
255 374 5.55813493570973e+02
255 373 -8.67867404646004e+02
255 372 1.62677586915254e+02
255 371 1.16600029848698e+03
255 370 -1.11520724952983e+03
255 369 1.36803758492917e+03
255 368 -3.97414302618543e+02
255 367 -9.29343274968256e-01
255 366 -8.70547914856135e+01
255 365 -6.98634036796696e+02
255 364 4.97700640239426e+02
255 363 2.68009009882759e+02
255 362 9.68411291195480e+01
255 361 -1.09687641124373e+03
255 360 3.89984291860362e+02
255 359 -5.06195066987869e+02
255 358 -9.31527919967077e+00
255 357 1.02563600865144e+01
255 356 1.84745000811355e+02
255 355 -3.95338666055957e+02
255 354 3.64990947287008e+02
255 353 6.59290933077754e+02
255 352 -1.98689015483974e+03
255 351 -2.91537605208293e+02
255 350 1.94840898662151e+03
255 349 -6.30590942157481e+02
255 348 -7.52431781839079e+02
255 264 4.51730957435833e+02
255 265 5.85799192498259e+02
255 266 1.70754106644760e+02
255 267 8.61752642164867e+01
255 268 3.08537009732669e+02
255 269 -2.89243061291961e+02
255 263 -2.50634345208583e+02
255 262 4.56822343033626e+02
255 261 -4.60847058582434e+02
255 260 -4.66972210977638e+02
255 259 5.27405554586245e+02
255 258 5.41660644586024e+01
255 257 2.22620574103193e+02
255 256 -1.02414628750089e+03
255 617 2.97728261104082e+02
255 254 -4.73140752757154e+02
255 253 -7.27192149215379e+02
255 252 5.03021962652438e+02
255 60 -1.18129227399475e+02
255 61 1.26009033444270e+02
255 62 3.51946813775852e+01
255 63 6.97373710647970e+01
255 64 2.39245172250499e+02
255 65 1.84490610616454e+02
256 256 2.78443194512555e+03
256 616 -2.31262677378442e+02
256 615 -2.91476188921826e+02
256 614 1.96367051754068e+02
256 613 -6.12723285087675e+02
256 612 1.54497540519787e+02
256 611 1.88410224281314e+02
256 610 -2.87171070594494e+02
256 609 6.01958127212432e+02
256 608 -1.73330403408617e+02
256 607 5.05120944932866e+02
256 606 -1.68865047752202e+02
256 605 3.98235129356987e+02
256 604 -5.23305718090435e+02
256 603 6.19654147152016e+02
256 602 -3.41754791124543e+01
256 601 -8.44786424488917e+02
256 600 1.28609390341709e+02
256 599 -3.85332333999206e+02
256 598 1.15824429847029e+02
256 597 1.99001302888389e+02
256 596 -3.99126712177835e+02
256 595 6.61837024010983e+01
256 594 6.64876520772062e+02
256 593 -1.77360867498379e+02
256 592 -1.00654132344749e+03
256 591 2.34097408488473e+02
256 590 1.12167223506726e+03
256 589 -5.84278520458972e+01
256 588 -3.19497916971924e+02
256 336 3.15550905409029e+01
256 337 9.33965826459478e+01
256 338 1.34893027040646e+02
256 339 -2.09890375475886e+02
256 340 3.48127435143089e+02
256 341 -1.65777974887715e+02
256 377 1.02427474477665e+03
256 376 -4.58020937483850e+02
256 375 -1.50027188533368e+03
256 374 1.12197988625966e+03
256 373 -7.13688449788717e+02
256 372 2.32877659465350e+02
256 371 1.23680423254602e+03
256 370 -8.23332948323644e+02
256 369 1.47391306383214e+03
256 368 -1.04950821838833e+03
256 367 4.61328252537883e+02
256 366 2.41818982078024e+02
256 365 -9.43498119426385e+02
256 364 6.59898426117138e+02
256 363 -2.06848564860866e+03
256 362 1.75358158470985e+03
256 361 1.51724231513340e+03
256 360 -1.43356259913747e+03
256 359 9.75091012317206e+02
256 358 3.06239198877611e+02
256 357 -1.43062400072350e+02
256 356 9.25362916343848e+02
256 355 5.73194733956380e+02
256 354 -3.31964384040735e+03
256 353 -4.34273561234301e+02
256 352 2.89882107517230e+03
256 351 1.62052839179221e+02
256 350 -1.79002353265466e+03
256 349 4.87260835575190e+02
256 348 4.90013244812294e+02
256 264 -3.20121884862803e+02
256 265 -7.42608125328078e+02
256 266 -8.60936152585455e+02
256 267 -1.00137972177171e+02
256 268 1.68343780494195e+02
256 269 -3.19880906984726e+02
256 263 -4.05912490980321e+02
256 262 8.52400775635221e+02
256 261 -5.13923066076250e+02
256 260 3.30289742404120e+02
256 259 2.28684416832468e+02
256 258 7.72636136570153e+01
256 257 -1.07139774464674e+03
256 617 4.18322167193275e+02
256 255 -1.02414628750089e+03
256 254 -7.27192149215383e+02
256 253 1.19639282607910e+03
256 252 -4.70881953571039e+02
256 60 -1.30641973685270e+02
256 61 6.87529741887529e+01
256 62 -4.08971652899738e+01
256 63 -3.51613352766107e+02
256 64 -3.03287220491137e+02
256 65 -1.30740391017845e+02
257 257 1.21472565177560e+03
257 616 -6.36825927752472e+01
257 615 1.85690164412992e+02
257 614 -9.92492014240031e+01
257 613 -1.11503608546929e+02
257 612 8.16970051464466e+01
257 611 -1.49662114271255e+02
257 610 2.14880616321100e+02
257 609 -4.47988104564019e+02
257 608 1.26391029014245e+02
257 607 2.60085451701744e+02
257 606 -2.51163288547854e+01
257 605 -2.03863840889617e+02
257 604 2.81223973927801e+02
257 603 -2.78833851779922e+02
257 602 -6.62949719589234e+01
257 601 3.16981833913565e+02
257 600 9.13380832462930e+01
257 599 -3.17118160352393e+02
257 598 -1.15038266945518e+02
257 597 -4.86795682532230e+01
257 596 9.32283756890402e+01
257 595 -3.27479731554799e+01
257 594 -2.02149324518654e+02
257 593 7.69491289360449e+01
257 592 4.39397059698974e+02
257 591 -7.00261944287517e+01
257 590 -5.94767907905869e+02
257 589 2.37728072699753e+02
257 588 4.85260350229487e+02
257 336 -4.56310827498171e+01
257 337 -1.03974454126488e+02
257 338 2.21247757028354e+02
257 339 -2.36031038223921e+02
257 340 9.55606051915740e+01
257 341 -8.69542721924809e+00
257 377 1.08631714711406e+02
257 376 4.72970803109137e+01
257 375 -2.73020028922568e+02
257 374 7.29823888977789e+01
257 373 4.54668101950837e+02
257 372 -2.11653367302683e+02
257 371 6.36827260313070e+02
257 370 -5.75329153482960e+02
257 369 -1.09691270855679e+03
257 368 7.87440370874485e+02
257 367 -3.66452308579737e+02
257 366 -1.59689516312289e+02
257 365 -7.76473608698188e+02
257 364 1.05814835786521e+03
257 363 7.76139809202719e+02
257 362 -9.99783926685674e+02
257 361 -6.82733296882650e+02
257 360 8.45058583010373e+02
257 359 -4.99166910033364e+02
257 358 -1.89418674738739e+02
257 357 5.82084527397937e+02
257 356 -1.77025948048836e+03
257 355 -1.71461299570689e+02
257 354 1.62776888938622e+03
257 353 1.88412318502212e+02
257 352 -1.26428958840276e+03
257 351 -8.01844235767881e+01
257 350 5.75153287329188e+02
257 349 -1.19193426164700e+02
257 348 -1.09079130739316e+02
257 264 7.58847625091115e+01
257 265 3.37779164924665e+02
257 266 4.99383167960424e+02
257 267 1.99436321262970e+02
257 268 -1.19412109808952e+02
257 269 -3.90684071014544e+01
257 263 -2.12910220738900e+01
257 262 2.33983092863614e+02
257 261 -5.77929286076992e+02
257 260 5.41731965540160e+02
257 259 -2.54584661812796e+02
257 258 -1.11729115267901e+02
257 617 4.43660790776710e+01
257 256 -1.07139774464674e+03
257 255 2.22620574103193e+02
257 254 5.03021962652451e+02
257 253 -4.70881953571029e+02
257 252 1.36307530052563e+02
257 60 -1.59558563860192e+01
257 61 -4.87688804386710e+01
257 62 8.14514216553625e+01
257 63 2.03952162392305e+02
257 64 1.37951768336200e+02
257 65 3.09919564761622e+01
258 258 4.04912791781682e+03
258 556 -1.36882450186770e+03
258 555 -2.39986956807599e+03
258 554 2.09278200436839e+03
258 553 -1.86843977843276e+03
258 552 4.59558000911568e+02
258 551 1.75993821586204e+03
258 550 -1.60526988766650e+03
258 549 1.47891581404848e+03
258 548 -7.45885934897805e+02
258 547 1.08694047424233e+03
258 546 -8.19610785733569e+01
258 545 -7.05692712428099e+02
258 544 6.64830599809384e+02
258 543 -8.46113668284779e+02
258 542 4.76823947769316e+02
258 541 -7.15442078308970e+02
258 540 -1.16747882298030e+01
258 539 -2.30727520797360e+02
258 538 -9.53217726716549e+01
258 537 1.24942124236092e+02
258 536 -1.76481766891493e+02
258 535 1.56481872060849e+02
258 534 -3.25709877934930e+02
258 533 6.15227893032397e+01
258 532 5.03065886716901e+01
258 531 1.16919163731426e+02
258 530 3.09967105044313e+02
258 529 -2.35151164003831e+01
258 528 1.07915605503191e+02
258 335 3.44749142907225e+01
258 334 -2.24806551408176e+02
258 333 3.85971674928185e+02
258 332 4.96671538593771e+01
258 331 -6.93412136854963e+02
258 330 5.03372874468565e+02
258 312 -2.91847154333967e+01
258 313 -1.38893813787338e+02
258 314 -8.97518812272514e+01
258 315 1.01222847667591e+02
258 316 1.43279237084278e+02
258 317 3.15659731009085e+01
258 377 -4.87590543530878e+02
258 376 2.72719211208717e+02
258 375 1.60196149213321e+03
258 374 -1.39629366275466e+03
258 373 8.17715642813581e+02
258 372 1.29942414598296e+02
258 371 -3.84988919602749e+03
258 370 3.57896349836443e+03
258 369 1.77849486900943e+02
258 368 -8.87796323485715e+02
258 367 2.17430291617494e+03
258 366 -7.25308848908533e+01
258 365 5.61343532380374e+03
258 364 -5.37177578600414e+03
258 363 -2.01853577745711e+03
258 362 2.11887804206319e+03
258 361 -7.17827898216089e+02
258 360 -5.81709358847930e+02
258 359 1.71433604871824e+03
258 358 -1.68015692296030e+01
258 357 -4.46147162038446e+03
258 356 4.83086510770010e+03
258 355 1.49225161442376e+03
258 354 -2.27172211224904e+03
258 353 -1.94118855305777e+02
258 352 1.35291435229946e+03
258 351 -5.01295558936080e+02
258 350 -2.95677970763498e+02
258 349 5.77711132729097e+02
258 348 -2.49254052135776e+01
258 264 -2.01108420370669e+02
258 265 -6.67284574836050e+02
258 266 -1.11134600439843e+03
258 267 -9.59805859738164e+02
258 268 -2.75402071078166e+02
258 269 1.13590065192909e+02
258 263 4.93228796943059e+02
258 262 -1.62182344632656e+03
258 261 1.93928909058399e+03
258 260 3.56589012502190e+02
258 259 -3.65214775080993e+03
258 557 2.13438784810244e+03
258 257 -1.11729115267901e+02
258 256 7.72636136570153e+01
258 255 5.41660644586024e+01
258 254 -4.51730957435851e+02
258 253 3.20121884862803e+02
258 252 -7.58847625090919e+01
259 259 9.86844785785337e+03
259 556 1.29055095187452e+03
259 555 4.61626917574572e+03
259 554 -4.00449859757951e+03
259 553 2.19606741035736e+03
259 552 -5.02026649096872e+02
259 551 -3.98647684267172e+03
259 550 3.64899040527913e+03
259 549 -2.08523193480134e+03
259 548 6.99938812216383e+02
259 547 -8.79396041517512e+02
259 546 3.25831902543559e+02
259 545 2.15416314975650e+03
259 544 -2.08733323060180e+03
259 543 1.28985313321047e+03
259 542 -5.04162666145298e+02
259 541 8.59852473869949e+02
259 540 1.36553936027738e+01
259 539 -9.28086382517132e+01
259 538 -2.03775015339656e+02
259 537 -5.61903590954566e+02
259 536 8.26314354382375e+02
259 535 -1.96437202724143e+02
259 534 4.11145903997347e+02
259 533 -9.47618854929670e+01
259 532 -5.69671325275882e+01
259 531 -1.45133735962510e+02
259 530 -2.96207819849171e+02
259 529 1.37834589492828e+02
259 528 2.61268641017995e+02
259 335 5.28621300943836e+01
259 334 6.70774683280894e+01
259 333 -4.17008618507093e+02
259 332 1.08556921585704e+02
259 331 8.80570257510899e+02
259 330 -7.39971725102294e+02
259 312 1.70698402113830e+02
259 313 2.36576434091117e+02
259 314 1.38058133589532e+02
259 315 -1.34373020797104e+02
259 316 -9.45236000877079e+01
259 317 1.43279237084246e+02
259 377 2.52574898947183e+03
259 376 -1.44501317949967e+03
259 375 -5.53567073587289e+03
259 374 4.83799995506781e+03
259 373 -3.62893422415236e+03
259 372 8.33884930034081e+01
259 371 9.43264436129900e+03
259 370 -8.73178917616299e+03
259 369 1.52639513676733e+03
259 368 7.63953342824505e+02
259 367 -3.06076485917582e+03
259 366 7.77670974241200e+01
259 365 -1.13822077402813e+04
259 364 1.11118032632870e+04
259 363 9.03095443960281e+02
259 362 -2.19795789213085e+03
259 361 7.67279010795943e+02
259 360 7.92573696648607e+02
259 359 -1.33804131098537e+03
259 358 -6.14056279397504e+01
259 357 2.80502246918201e+03
259 356 -2.11888841369270e+03
259 355 -1.49043746530094e+03
259 354 -2.25453527080362e+02
259 353 1.47651989209006e+03
259 352 5.18821147592822e+01
259 351 -1.06225195277133e+03
259 350 -6.43146976128889e+02
259 349 1.27558900376586e+03
259 348 2.89635385332892e+02
259 264 -6.67284574836051e+02
259 265 3.04193506539688e+02
259 266 1.21653963853837e+03
259 267 1.95245107992688e+03
259 268 1.42165121739265e+03
259 269 -7.05771687795239e+02
259 263 -1.73473892952207e+03
259 262 4.30979881540083e+03
259 261 -3.30612576966642e+03
259 260 -2.59550661422635e+03
259 557 -2.40067270267280e+03
259 258 -3.65214775080993e+03
259 257 -2.54584661812796e+02
259 256 2.28684416832468e+02
259 255 5.27405554586245e+02
259 254 -5.85799192498224e+02
259 253 7.42608125328089e+02
259 252 -3.37779164924735e+02
260 260 7.58609797640754e+03
260 556 4.76599842761928e+01
260 555 -6.55478653832378e+02
260 554 2.75055366236426e+02
260 553 -1.43238335470327e+01
260 552 -1.67295904377760e+02
260 551 3.00247036677352e+03
260 550 -2.69491612845188e+03
260 549 2.49639182656326e+02
260 548 2.76771586106258e+02
260 547 -9.70350476962204e+02
260 546 1.53386810875685e+02
260 545 -2.46667799766039e+03
260 544 2.38599331182563e+03
260 543 2.73688694413797e+01
260 542 -4.99928403125739e+02
260 541 -1.47342790580063e+02
260 540 6.08298176400524e+02
260 539 5.09860097113936e+02
260 538 -1.67162880599220e+02
260 537 9.04103613345435e+02
260 536 -1.31610694494617e+03
260 535 -1.45908547469750e+02
260 534 2.58252501590412e+02
260 533 9.78482292334328e+01
260 532 -2.93540327941558e+02
260 531 3.21942299772824e+01
260 530 -3.97407066728587e+02
260 529 -1.56569576662542e+02
260 528 1.77065381445401e+02
260 335 -1.14977946608923e+02
260 334 2.56670906182094e+02
260 333 -1.33840457755429e+02
260 332 -4.28391360393872e+02
260 331 8.09008156763159e+01
260 330 1.18074523358751e+02
260 312 -2.99327608885984e+02
260 313 -3.89048924667969e+01
260 314 -5.07465067162972e+01
260 315 -1.78337953035836e+02
260 316 -1.34373020797143e+02
260 317 1.01222847667628e+02
260 377 -3.66056883829401e+03
260 376 2.29799783271487e+03
260 375 6.08233583810147e+03
260 374 -5.55328968102539e+03
260 373 6.21977050929343e+03
260 372 -7.58995417056202e+02
260 371 -6.88497533630697e+03
260 370 6.83475601959931e+03
260 369 -4.44809784345047e+03
260 368 1.33351673342058e+03
260 367 -1.55843817700086e+03
260 366 2.47964228374914e+02
260 365 -1.44443062635434e+03
260 364 1.97703596967857e+03
260 363 1.14496405318703e+03
260 362 -2.19272891160790e+03
260 361 4.13926572044969e+03
260 360 -2.83144945396237e+02
260 359 -3.71567721094191e+03
260 358 -6.32825995579995e+01
260 357 1.05958672970622e+03
260 356 -1.99004911260864e+03
260 355 -8.31335944976724e+02
260 354 5.78625738472270e+02
260 353 8.16561036544308e+02
260 352 6.00867779406644e+02
260 351 -1.26647436383318e+03
260 350 -1.13367704747947e+03
260 349 1.89890735262159e+03
260 348 5.77580758646133e+02
260 264 -1.11134600439845e+03
260 265 1.21653963853838e+03
260 266 1.91702037232301e+03
260 267 -1.14486890764732e+03
260 268 -2.66367353858338e+03
260 269 1.06927688037361e+03
260 263 1.96387358572771e+03
260 262 -3.09692004872512e+03
260 261 -5.52609937887257e+02
260 557 2.94946817634241e+02
260 259 -2.59550661422635e+03
260 258 3.56589012502190e+02
260 257 5.41731965540160e+02
260 256 3.30289742404120e+02
260 255 -4.66972210977638e+02
260 254 -1.70754106644766e+02
260 253 8.60936152585413e+02
260 252 -4.99383167960372e+02
261 261 7.66657162419031e+03
261 556 -8.50689649293832e+02
261 555 -2.20224130246020e+03
261 554 2.17114341466285e+03
261 553 -1.19008122944480e+03
261 552 1.92168451098270e+02
261 551 2.41393283313965e+03
261 550 -2.60295368921727e+03
261 549 1.11063970402733e+03
261 548 -2.06293922317131e+02
261 547 4.07519935038722e+02
261 546 -9.27163905681594e+01
261 545 1.81966781293362e+02
261 544 -9.58719374171573e+01
261 543 -3.62581202564333e+02
261 542 3.41227463388929e+02
261 541 -1.12672675460070e+03
261 540 4.84381955858843e+01
261 539 9.36891742199199e+02
261 538 2.36677588263779e+01
261 537 -2.43683741706852e+02
261 536 2.99709037876646e+02
261 535 2.42685570381492e+02
261 534 -3.43962758607252e+01
261 533 -2.14039340334437e+02
261 532 6.45909765920957e+01
261 531 3.36207702949720e+02
261 530 1.16143649024697e+02
261 529 -4.81630653192976e+02
261 528 -9.49220478879536e+01
261 335 -2.85130644923059e+02
261 334 3.19107949199600e+02
261 333 4.35212557122248e+02
261 332 -1.74541613657323e+02
261 331 -4.06924121770510e+02
261 330 3.68265564475412e+02
261 312 6.91088551511280e+01
261 313 1.08427385110554e+02
261 314 -5.97701042038630e+00
261 315 -5.07465067163178e+01
261 316 1.38058133589522e+02
261 317 -8.97518812272336e+01
261 377 -2.24829421424935e+03
261 376 3.37550751599003e+02
261 375 3.37813162018292e+03
261 374 -1.81294378820520e+03
261 373 -2.31378589253772e+02
261 372 2.94004503841786e+02
261 371 -9.68226660676800e+03
261 370 8.88765245385119e+03
261 369 -2.01860724714777e+03
261 368 -5.33365576648479e+02
261 367 5.85483209902725e+03
261 366 -3.84266893459238e+02
261 365 7.65967947958790e+03
261 364 -7.39200780294218e+03
261 363 -5.82483629240655e+01
261 362 9.53211191902792e+01
261 361 9.88076421819831e+02
261 360 -4.44223815952808e+02
261 359 -3.32809487563618e+03
261 358 6.16262351056501e+01
261 357 -2.67869990770695e+03
261 356 3.50300234834456e+03
261 355 4.29283110302586e+02
261 354 4.21734882229354e+02
261 353 -2.84540836441365e+02
261 352 7.46061232148835e+02
261 351 -3.34867498985423e+02
261 350 -1.29439679832587e+02
261 349 1.21489776283177e+03
261 348 2.71847673400993e+02
261 264 -9.59805859738182e+02
261 265 1.95245107992696e+03
261 266 -1.14486890764735e+03
261 267 -2.62893993514438e+03
261 268 1.01912590524239e+03
261 269 7.92396700399718e+02
261 263 1.11129211469780e+03
261 262 -3.97379681576886e+03
261 557 1.33821412896948e+03
261 260 -5.52609937887257e+02
261 259 -3.30612576966642e+03
261 258 1.93928909058399e+03
261 257 -5.77929286076992e+02
261 256 -5.13923066076250e+02
261 255 -4.60847058582434e+02
261 254 -8.61752642165532e+01
261 253 1.00137972177130e+02
261 252 -1.99436321262881e+02
262 262 1.05713305042636e+04
262 556 5.35015148210498e+02
262 555 1.99212513658388e+03
262 554 -1.90627289594965e+03
262 553 3.63154715393054e+02
262 552 9.49338711567283e+01
262 551 -3.38289562621824e+03
262 550 3.42791403495850e+03
262 549 -1.25954216040603e+02
262 548 -7.89788828725079e+02
262 547 4.98414884446972e+02
262 546 5.19150794053273e+01
262 545 3.91276794512697e+03
262 544 -4.15301328886114e+03
262 543 -3.67417123318935e+02
262 542 1.37934007409139e+03
262 541 -2.09004704382341e+02
262 540 -5.93110549783737e+02
262 539 4.21974813764048e+02
262 538 9.42764755823245e+01
262 537 -1.08371775466805e+03
262 536 1.35693279421463e+03
262 535 4.93988456642258e+02
262 534 -6.21722626389655e+02
262 533 -4.48861351127061e+02
262 532 1.77766215946206e+02
262 531 3.23705691748361e+02
262 530 3.10737727812997e+02
262 529 -4.10139425675855e+02
262 528 -1.66406655167897e+02
262 335 -2.20147849246252e+02
262 334 1.13583838683900e+02
262 333 2.61769278815460e+02
262 332 1.99972185807073e+02
262 331 8.24817990682706e+01
262 330 -2.36892154932644e+02
262 312 2.17831472917716e+02
262 313 -2.28247285373856e+02
262 314 1.08427385110546e+02
262 315 -3.89048924667875e+01
262 316 2.36576434091135e+02
262 317 -1.38893813787369e+02
262 377 9.55802827079251e+03
262 376 -4.27920302761529e+03
262 375 -1.44136079602535e+04
262 374 1.20360077408819e+04
262 373 -1.09955134363585e+04
262 372 1.54772878604436e+03
262 371 1.27128833279531e+04
262 370 -1.13292052388092e+04
262 369 7.22912344712693e+03
262 368 -3.27310671705723e+03
262 367 4.94890625985445e+03
262 366 -5.99641210784782e+02
262 365 -6.60481010799692e+03
262 364 6.21425581361843e+03
262 363 -4.32810593339209e+03
262 362 2.96469270505445e+03
262 361 -2.69374702819306e+03
262 360 6.25051427180588e+02
262 359 -9.10118318260364e+02
262 358 2.07459424737489e+02
262 357 1.63665755803853e+03
262 356 -2.01200987921856e+03
262 355 6.40065188677809e+02
262 354 -1.88980713315915e+03
262 353 2.27618737047565e+02
262 352 -8.56047866695986e+01
262 351 4.23885082496705e+02
262 350 4.41651080471112e+02
262 349 -8.59911720183216e+01
262 348 -2.14529079994445e+02
262 264 -2.75402071078128e+02
262 265 1.42165121739256e+03
262 266 -2.66367353858333e+03
262 267 1.01912590524238e+03
262 268 4.42067485591514e+03
262 269 -3.46691178528620e+03
262 263 -4.64541810234322e+03
262 557 -8.98393925704752e+02
262 261 -3.97379681576886e+03
262 260 -3.09692004872512e+03
262 259 4.30979881540083e+03
262 258 -1.62182344632656e+03
262 257 2.33983092863614e+02
262 256 8.52400775635221e+02
262 255 4.56822343033626e+02
262 254 -3.08537009732622e+02
262 253 -1.68343780494148e+02
262 252 1.19412109808859e+02
263 263 3.74054128374274e+03
263 556 -1.09814216633637e+02
263 555 -6.00792200823002e+02
263 554 5.87324131899264e+02
263 553 5.45941422657464e+01
263 552 -1.05019960692123e+02
263 551 1.43049291297052e+03
263 550 -1.45911988944537e+03
263 549 -2.20657878957559e+02
263 548 5.77655065591777e+02
263 547 -3.53716267798549e+02
263 546 -2.99244837447527e+01
263 545 -1.98458885643729e+03
263 544 2.06888787360638e+03
263 543 6.69248692928143e+02
263 542 -1.04970240417006e+03
263 541 1.82867321865253e+02
263 540 4.66791360228087e+02
263 539 -4.64343874923483e+02
263 538 -6.68205129222084e+01
263 537 1.48014088985980e+03
263 536 -1.89533861343105e+03
263 535 -4.79424435955227e+02
263 534 1.22097005783980e+03
263 533 5.62402410611761e+01
263 532 -7.10556421394075e+02
263 531 1.55490468573427e+02
263 530 1.45538432081843e+02
263 529 -1.68058479202067e+02
263 528 1.94424666772358e+01
263 335 -5.43008096364378e+01
263 334 -1.92021306657694e+02
263 333 -2.16567049694165e+02
263 332 -8.00775309055829e+01
263 331 4.33027626316876e+01
263 330 4.21346258620664e+01
263 312 -2.10234635562275e+02
263 313 2.17831472917720e+02
263 314 6.91088551511319e+01
263 315 -2.99327608885996e+02
263 316 1.70698402113821e+02
263 317 -2.91847154333841e+01
263 377 -6.53466188220510e+03
263 376 3.66807647284838e+03
263 375 7.73081092047200e+03
263 374 -6.38456992593663e+03
263 373 6.88649037558364e+03
263 372 -1.35065581306163e+03
263 371 -5.72301258919401e+03
263 370 5.09559260166310e+03
263 369 -5.17804877871251e+03
263 368 2.56475917722807e+03
263 367 -4.03554973533908e+03
263 366 3.77441257701540e+02
263 365 2.23995252652397e+03
263 364 -2.05838804287064e+03
263 363 2.80120509045039e+03
263 362 -2.00364458881400e+03
263 361 2.35393963612506e+03
263 360 -5.02327803300210e+02
263 359 9.02853704984314e+02
263 358 7.24498855979066e+01
263 357 -3.80541686413456e+02
263 356 4.28039671332602e+02
263 355 -4.96731451678616e+02
263 354 1.11463154326181e+03
263 353 -1.52682515873094e+02
263 352 -1.17842477486588e+01
263 351 -3.40270980168646e+02
263 350 -6.14032829006192e+02
263 349 5.39527621576049e+01
263 348 -1.49049504263797e+02
263 264 1.13590065192903e+02
263 265 -7.05771687795226e+02
263 266 1.06927688037358e+03
263 267 7.92396700399746e+02
263 268 -3.46691178528620e+03
263 269 2.20103923842803e+03
263 557 1.84836983098038e+02
263 262 -4.64541810234322e+03
263 261 1.11129211469780e+03
263 260 1.96387358572771e+03
263 259 -1.73473892952207e+03
263 258 4.93228796943059e+02
263 257 -2.12910220738900e+01
263 256 -4.05912490980321e+02
263 255 -2.50634345208583e+02
263 254 2.89243061291938e+02
263 253 3.19880906984721e+02
263 252 3.90684071014861e+01
264 264 4.04912791781683e+03
264 586 -7.65563346234743e+02
264 585 -1.86843977843276e+03
264 584 1.40888177752119e+03
264 583 -2.39986956807595e+03
264 582 3.07087563707595e+02
264 581 1.08694047424233e+03
264 580 -1.00497939566897e+03
264 579 1.47891581404846e+03
264 578 -7.33029879150678e+02
264 577 1.75993821586203e+03
264 576 -1.54668328195532e+02
264 575 -2.30727520797355e+02
264 574 3.26049293469000e+02
264 573 -7.15442078308965e+02
264 572 7.27116866538778e+02
264 571 -8.46113668284776e+02
264 570 3.69289720515467e+02
264 569 -7.05692712428095e+02
264 568 4.08621126187053e+01
264 567 -2.35151164003812e+01
264 566 -8.44004891027905e+01
264 565 1.16919163731432e+02
264 564 -4.26886268775754e+02
264 563 6.15227893032399e+01
264 562 -1.11829377974942e+02
264 561 1.56481872060853e+02
264 560 1.69228005874072e+02
264 559 1.24942124236086e+02
264 558 5.15396426554147e+01
264 318 5.03372874468565e+02
264 319 -6.93412136854964e+02
264 320 4.96671538593704e+01
264 321 3.85971674928193e+02
264 322 -2.24806551408179e+02
264 323 3.44749142907235e+01
264 311 3.15659731008991e+01
264 310 1.43279237084280e+02
264 309 1.01222847667599e+02
264 308 -8.97518812272471e+01
264 307 -1.38893813787337e+02
264 306 -2.91847154334024e+01
264 377 -4.87590543530859e+02
264 376 2.14871332322162e+02
264 375 8.17715642813474e+02
264 374 -9.47658057411790e+02
264 373 1.60196149213312e+03
264 372 -2.05667829378558e+02
264 371 2.17430291617505e+03
264 370 -2.10177203128419e+03
264 369 1.77849486901020e+02
264 368 7.09946836584765e+02
264 367 -3.84988919602752e+03
264 366 2.70925697663057e+02
264 365 1.71433604871823e+03
264 364 -1.69753447948861e+03
264 363 -7.17827898216043e+02
264 362 1.29953725706399e+03
264 361 -2.01853577745716e+03
264 360 -1.00342264606075e+02
264 359 5.61343532380385e+03
264 358 -2.41659537799609e+02
264 357 5.77711132729065e+02
264 356 -5.52785727515544e+02
264 355 -5.01295558936067e+02
264 354 7.96973529699588e+02
264 353 -1.94118855305788e+02
264 352 -1.15879549699367e+03
264 351 1.49225161442376e+03
264 350 7.79470497825272e+02
264 349 -4.46147162038445e+03
264 348 -3.69393487315638e+02
264 587 2.13438784810243e+03
264 265 -3.65214775080998e+03
264 266 3.56589012502181e+02
264 267 1.93928909058404e+03
264 268 -1.62182344632653e+03
264 269 4.93228796943041e+02
264 263 1.13590065192903e+02
264 262 -2.75402071078128e+02
264 261 -9.59805859738182e+02
264 260 -1.11134600439845e+03
264 259 -6.67284574836051e+02
264 258 -2.01108420370669e+02
264 257 7.58847625091115e+01
264 256 -3.20121884862803e+02
264 255 4.51730957435833e+02
264 254 -5.41660644585900e+01
264 253 -7.72636136570187e+01
264 252 1.11729115267892e+02
265 265 9.86844785785349e+03
265 586 1.11012175079827e+03
265 585 2.19606741035736e+03
265 584 -1.69404076126048e+03
265 583 4.61626917574563e+03
265 582 -6.11770578166197e+02
265 581 -8.79396041517525e+02
265 580 5.53564138973947e+02
265 579 -2.08523193480127e+03
265 578 1.38529312258494e+03
265 577 -3.98647684267171e+03
265 576 3.37486437392579e+02
265 575 -9.28086382516852e+01
265 574 2.96583653591379e+02
265 573 8.59852473869921e+02
265 572 -8.73507867472741e+02
265 571 1.28985313321046e+03
265 570 -7.85690467065168e+02
265 569 2.15416314975648e+03
265 568 -6.68299191546937e+01
265 567 1.37834589492811e+02
265 566 -3.99103230510872e+02
265 565 -1.45133735962517e+02
265 564 4.41341555811754e+02
265 563 -9.47618854929592e+01
265 562 1.51729018020552e+02
265 561 -1.96437202724157e+02
265 560 -2.14708701273194e+02
265 559 -5.61903590954548e+02
265 558 -2.64410763427817e+02
265 318 -7.39971725102289e+02
265 319 8.80570257510893e+02
265 320 1.08556921585701e+02
265 321 -4.17008618507105e+02
265 322 6.70774683281162e+01
265 323 5.28621300943718e+01
265 311 1.43279237084283e+02
265 310 -9.45236000877344e+01
265 309 -1.34373020797127e+02
265 308 1.38058133589541e+02
265 307 2.36576434091112e+02
265 306 1.70698402113831e+02
265 377 2.52574898947181e+03
265 376 -1.08073580997217e+03
265 375 -3.62893422415219e+03
265 374 3.54554573114882e+03
265 373 -5.53567073587275e+03
265 372 6.97670780805103e+02
265 371 -3.06076485917604e+03
265 370 2.98299776175192e+03
265 369 1.52639513676717e+03
265 368 -2.29034847959185e+03
265 367 9.43264436129920e+03
265 366 -7.00855185136019e+02
265 365 -1.33804131098526e+03
265 364 1.39944693892499e+03
265 363 7.67279010795987e+02
265 362 -1.55985270744453e+03
265 361 9.03095443960283e+02
265 360 1.29486244817060e+03
265 359 -1.13822077402816e+04
265 358 2.70404476994299e+02
265 357 1.27558900376590e+03
265 356 -1.56522438909865e+03
265 355 -1.06225195277134e+03
265 354 1.70539892890017e+03
265 353 1.47651989209007e+03
265 352 -1.52840200684936e+03
265 351 -1.49043746530096e+03
265 350 1.71589099238133e+03
265 349 2.80502246918205e+03
265 348 -6.86134055489304e+02
265 264 -3.65214775080998e+03
265 587 -2.40067270267277e+03
265 266 -2.59550661422635e+03
265 267 -3.30612576966659e+03
265 268 4.30979881540081e+03
265 269 -1.73473892952205e+03
265 263 -7.05771687795226e+02
265 262 1.42165121739256e+03
265 261 1.95245107992696e+03
265 260 1.21653963853838e+03
265 259 3.04193506539688e+02
265 258 -6.67284574836050e+02
265 257 3.37779164924665e+02
265 256 -7.42608125328078e+02
265 255 5.85799192498259e+02
265 254 -5.27405554586270e+02
265 253 -2.28684416832472e+02
265 252 2.54584661812808e+02
266 266 7.58609797640761e+03
266 586 -3.42606801910450e+02
266 585 -1.43238335470072e+01
266 584 1.81619737924762e+02
266 583 -6.55478653832397e+02
266 582 3.80423287595966e+02
266 581 -9.70350476962228e+02
266 580 8.16963666086564e+02
266 579 2.49639182656319e+02
266 578 -5.26410768762627e+02
266 577 3.00247036677363e+03
266 576 -3.07554238321640e+02
266 575 5.09860097113928e+02
266 574 -3.42697216514736e+02
266 573 -1.47342790580060e+02
266 572 -4.60955385820422e+02
266 571 2.73688694413688e+01
266 570 4.72559533684382e+02
266 569 -2.46667799766048e+03
266 568 8.06846858347567e+01
266 567 -1.56569576662532e+02
266 566 -2.04958047828116e+01
266 565 3.21942299772815e+01
266 564 3.65212836751254e+02
266 563 9.78482292334314e+01
266 562 1.95692098708124e+02
266 561 -1.45908547469744e+02
266 560 -1.12343954120670e+02
266 559 9.04103613345438e+02
266 558 4.12003331600752e+02
266 318 1.18074523358755e+02
266 319 8.09008156763304e+01
266 320 -4.28391360393874e+02
266 321 -1.33840457755435e+02
266 322 2.56670906182087e+02
266 323 -1.14977946608925e+02
266 311 1.01222847667600e+02
266 310 -1.34373020797126e+02
266 309 -1.78337953035818e+02
266 308 -5.07465067163057e+01
266 307 -3.89048924667944e+01
266 306 -2.99327608885987e+02
266 377 -3.66056883829392e+03
266 376 1.36257100557910e+03
266 375 6.21977050929336e+03
266 374 -5.46077509223718e+03
266 373 6.08233583810140e+03
266 372 -5.29046157076087e+02
266 371 -1.55843817700080e+03
266 370 1.31047394862587e+03
266 369 -4.44809784345029e+03
266 368 3.11458111002983e+03
266 367 -6.88497533630704e+03
266 366 5.02193167076558e+01
266 365 -3.71567721094196e+03
266 364 3.77895981049997e+03
266 363 4.13926572044958e+03
266 362 -3.85612077505343e+03
266 361 1.14496405318701e+03
266 360 1.04776485842089e+03
266 359 -1.44443062635441e+03
266 358 -5.32605343324209e+02
266 357 1.89890735262155e+03
266 356 -2.47648811126777e+03
266 355 -1.26647436383320e+03
266 354 2.40015141131275e+03
266 353 8.16561036544340e+02
266 352 -1.41742881595100e+03
266 351 -8.31335944976771e+02
266 350 2.52710206504501e+02
266 349 1.05958672970626e+03
266 348 9.30462382902391e+02
266 264 3.56589012502181e+02
266 265 -2.59550661422635e+03
266 587 2.94946817634262e+02
266 267 -5.52609937887203e+02
266 268 -3.09692004872514e+03
266 269 1.96387358572770e+03
266 263 1.06927688037358e+03
266 262 -2.66367353858333e+03
266 261 -1.14486890764735e+03
266 260 1.91702037232301e+03
266 259 1.21653963853837e+03
266 258 -1.11134600439843e+03
266 257 4.99383167960424e+02
266 256 -8.60936152585455e+02
266 255 1.70754106644760e+02
266 254 4.66972210977651e+02
266 253 -3.30289742404140e+02
266 252 -5.41731965540144e+02
267 267 7.66657162419051e+03
267 586 -4.87524479675636e+02
267 585 -1.19008122944476e+03
267 584 9.97912778346494e+02
267 583 -2.20224130246019e+03
267 582 3.10978877973572e+01
