0 251 0 251
0 0 3.52244388560440e+02
0 100 6.36825927752472e+01
0 99 -1.85690164412992e+02
0 98 9.92492014240030e+01
0 97 1.11503608546929e+02
0 96 -8.16970051464466e+01
0 95 1.49662114271255e+02
0 94 -2.14880616321100e+02
0 93 4.47988104564019e+02
0 92 -1.26391029014245e+02
0 91 -2.60085451701744e+02
0 90 2.51163288547854e+01
0 89 2.03863840889617e+02
0 88 -2.81223973927801e+02
0 87 2.78833851779922e+02
0 86 6.62949719589235e+01
0 85 -3.16981833913565e+02
0 84 -9.13380832462930e+01
0 83 3.17118160352393e+02
0 82 1.15038266945518e+02
0 81 4.86795682532229e+01
0 80 -9.32283756890401e+01
0 79 3.27479731554800e+01
0 78 2.02149324518654e+02
0 77 -7.69491289360449e+01
0 76 -4.39397059698974e+02
0 75 7.00261944287518e+01
0 74 5.94767907905868e+02
0 73 -2.37728072699753e+02
0 72 -4.85260350229486e+02
0 12 4.56310827498172e+01
0 13 1.03974454126488e+02
0 14 -2.21247757028354e+02
0 15 2.36031038223921e+02
0 16 -9.55606051915740e+01
0 17 8.69542721924809e+00
0 11 1.59558563860192e+01
0 10 4.87688804386709e+01
0 9 -8.14514216553626e+01
0 8 -2.03952162392305e+02
0 7 -1.37951768336200e+02
0 6 -3.09919564761622e+01
0 5 3.95262605258778e+01
0 4 -1.36545668215147e+02
0 3 1.45865581588715e+02
0 2 6.45551922702335e+01
0 1 -3.10682369238252e+02
0 101 -4.43660790776709e+01
1 1 8.07425550423866e+02
1 100 2.31262677378442e+02
1 99 2.91476188921826e+02
1 98 -1.96367051754068e+02
1 97 6.12723285087674e+02
1 96 -1.54497540519787e+02
1 95 -1.88410224281314e+02
1 94 2.87171070594495e+02
1 93 -6.01958127212432e+02
1 92 1.73330403408617e+02
1 91 -5.05120944932865e+02
1 90 1.68865047752202e+02
1 89 -3.98235129356987e+02
1 88 5.23305718090435e+02
1 87 -6.19654147152016e+02
1 86 3.41754791124540e+01
1 85 8.44786424488917e+02
1 84 -1.28609390341709e+02
1 83 3.85332333999205e+02
1 82 -1.15824429847029e+02
1 81 -1.99001302888389e+02
1 80 3.99126712177835e+02
1 79 -6.61837024010984e+01
1 78 -6.64876520772061e+02
1 77 1.77360867498379e+02
1 76 1.00654132344749e+03
1 75 -2.34097408488473e+02
1 74 -1.12167223506726e+03
1 73 5.84278520458976e+01
1 72 3.19497916971924e+02
1 12 -3.15550905409032e+01
1 13 -9.33965826459475e+01
1 14 -1.34893027040646e+02
1 15 2.09890375475886e+02
1 16 -3.48127435143089e+02
1 17 1.65777974887715e+02
1 11 1.30641973685270e+02
1 10 -6.87529741887528e+01
1 9 4.08971652899739e+01
1 8 3.51613352766108e+02
1 7 3.03287220491137e+02
1 6 1.30740391017845e+02
1 5 -1.36545668215141e+02
1 4 3.46928262265909e+02
1 3 -2.10870128239988e+02
1 2 -2.96980459999246e+02
1 101 -4.18322167193274e+02
1 0 -3.10682369238252e+02
2 2 5.37400454726424e+02
2 100 1.81535940830431e+02
2 99 3.54444132689276e+02
2 98 -2.88005278212795e+02
2 97 3.42466470222679e+02
2 96 -1.15467702195292e+02
2 95 3.79551380032900e-01
2 94 -3.59334388741120e+01
2 93 -5.58717717338779e+02
2 92 3.96410471951016e+02
2 91 -4.76204040271910e+02
2 90 2.07442958312365e+01
2 89 2.06734197562413e+02
2 88 -2.10538633630662e+02
2 87 4.47973280445062e+02
2 86 -2.88700512104071e+02
2 85 -1.09457067464776e+02
2 84 1.49007775137023e+02
2 83 2.85327843762801e+02
2 82 -8.20628394266204e+01
2 81 2.57538488458274e+02
2 80 -5.64837770461633e+02
2 79 1.19066337865877e+02
2 78 6.76679797649835e+02
2 77 -2.69259799035747e+02
2 76 -5.42202359712273e+02
2 75 1.61459538471658e+02
2 74 -1.23942560817099e+01
2 73 -4.18878118472460e+00
2 72 7.96401476385249e+01
2 12 -2.21218628968429e+01
2 13 -2.15396733844499e+02
2 14 1.90715262981321e+02
2 15 1.88213700741893e+02
2 16 -1.86569974056917e+02
2 17 1.02361112577833e+02
2 11 1.18129227399475e+02
2 10 -1.26009033444270e+02
2 9 -3.51946813775850e+01
2 8 -6.97373710647972e+01
2 7 -2.39245172250499e+02
2 6 -1.84490610616454e+02
2 5 1.45865581588724e+02
2 4 -2.10870128239992e+02
2 3 -1.37200671537938e+02
2 101 -2.97728261104082e+02
2 1 -2.96980459999246e+02
2 0 6.45551922702335e+01
3 3 5.37400454726422e+02
3 100 -1.16192320273668e+02
3 99 -3.42466470222680e+02
3 98 2.26998768027394e+02
3 97 -3.54444132689303e+02
3 96 6.64388544764910e+01
3 95 4.76204040271868e+02
3 94 -4.55459744440633e+02
3 93 5.58717717338826e+02
3 92 -1.62307245387802e+02
3 91 -3.79551379972636e-01
3 90 -3.55538874940836e+01
3 89 -2.85327843762765e+02
3 88 2.03265004336151e+02
3 87 1.09457067464771e+02
3 86 3.95507076722529e+01
3 85 -4.47973280445093e+02
3 84 1.59272768341012e+02
3 83 -2.06734197562474e+02
3 82 -3.80443606824105e+00
3 81 4.18878118472088e+00
3 80 7.54513664538129e+01
3 79 -1.61459538471670e+02
3 78 1.49065282389951e+02
3 77 2.69259799035755e+02
3 76 -8.11462158748019e+02
3 75 -1.19066337865885e+02
3 74 7.95746135515706e+02
3 73 -2.57538488458276e+02
3 72 -3.07299282003340e+02
3 12 1.84490610616447e+02
3 13 2.39245172250514e+02
3 14 6.97373710647949e+01
3 15 3.51946813775578e+01
3 16 1.26009033444289e+02
3 17 -1.18129227399484e+02
3 11 -1.02361112577840e+02
3 10 1.86569974056917e+02
3 9 -1.88213700741871e+02
3 8 -1.90715262981316e+02
3 7 2.15396733844489e+02
3 6 2.21218628968480e+01
3 5 6.45551922702285e+01
3 4 -2.96980459999244e+02
3 101 2.97728261104109e+02
3 2 -1.37200671537938e+02
3 1 -2.10870128239988e+02
3 0 1.45865581588715e+02
4 4 8.07425550423878e+02
4 100 -1.87059489814833e+02
4 99 -6.12723285087707e+02
4 98 4.58225744567923e+02
4 97 -2.91476188921873e+02
4 96 9.51091371677672e+01
4 95 5.05120944932875e+02
4 94 -3.36255897180669e+02
4 93 6.01958127212425e+02
4 92 -4.28627723803822e+02
4 91 1.88410224281390e+02
4 90 9.87608463131718e+01
4 89 -3.85332333999201e+02
4 88 2.69507904152167e+02
4 87 -8.44786424488908e+02
4 86 7.16177034147215e+02
4 85 6.19654147152031e+02
4 84 -5.85478668039574e+02
4 83 3.98235129356978e+02
4 82 1.25070588733444e+02
4 81 -5.84278520458748e+01
4 80 3.77925769017818e+02
4 79 2.34097408488471e+02
4 78 -1.35576964355575e+03
4 77 -1.77360867498384e+02
4 76 1.18390219094588e+03
4 75 6.61837024011138e+01
4 74 -7.31060223173166e+02
4 73 1.99001302888382e+02
4 72 2.00125409289462e+02
4 12 -1.30740391017845e+02
4 13 -3.03287220491133e+02
4 14 -3.51613352766125e+02
4 15 -4.08971652899908e+01
4 16 6.87529741887721e+01
4 17 -1.30641973685272e+02
4 11 -1.65777974887718e+02
4 10 3.48127435143103e+02
4 9 -2.09890375475876e+02
4 8 1.34893027040638e+02
4 7 9.33965826459458e+01
4 6 3.15550905409018e+01
4 5 -3.10682369238258e+02
4 101 4.18322167193270e+02
4 3 -2.96980459999244e+02
4 2 -2.10870128239992e+02
4 1 3.46928262265909e+02
4 0 -1.36545668215147e+02
5 5 3.52244388560445e+02
5 100 1.93165136975919e+01
5 99 -1.11503608546907e+02
5 98 2.98066034004561e+01
5 97 1.85690164413064e+02
5 96 -8.64409629890058e+01
5 95 2.60085451701738e+02
5 94 -2.34969122846959e+02
5 93 -4.47988104564049e+02
5 92 3.21597075549800e+02
5 91 -1.49662114271382e+02
5 90 -6.52185020498270e+01
5 89 -3.17118160352411e+02
5 88 4.32156427297931e+02
5 87 3.16981833913568e+02
5 86 -4.08319917159871e+02
5 85 -2.78833851779910e+02
5 84 3.45128823738849e+02
5 83 -2.03863840889545e+02
5 82 -7.73601330381967e+01
5 81 2.37728072699745e+02
5 80 -7.22988422929247e+02
5 79 -7.00261944287474e+01
5 78 6.64794102334634e+02
5 77 7.69491289360462e+01
5 76 -5.16346188635022e+02
5 75 -3.27479731554833e+01
5 74 2.34897297674117e+02
5 73 -4.86795682532238e+01
5 72 -4.45488074358201e+01
5 12 3.09919564761702e+01
5 13 1.37951768336171e+02
5 14 2.03952162392326e+02
5 15 8.14514216553990e+01
5 16 -4.87688804387093e+01
5 17 -1.59558563860062e+01
5 11 -8.69542721923850e+00
5 10 9.55606051915642e+01
5 9 -2.36031038223934e+02
5 8 2.21247757028361e+02
5 7 -1.03974454126483e+02
5 6 -4.56310827498211e+01
5 101 4.43660790776460e+01
5 4 -3.10682369238258e+02
5 3 6.45551922702285e+01
5 2 1.45865581588724e+02
5 1 -1.36545668215141e+02
5 0 3.95262605258778e+01
6 6 1.65369689574184e+03
6 7 -1.49156695488180e+03
6 8 1.45633863636610e+02
6 9 7.92021495525853e+02
6 10 -6.62365934854840e+02
6 11 2.01438667029069e+02
6 100 1.11380752136915e+02
6 99 6.54254150623875e+02
6 98 -5.70257730184619e+02
6 97 3.33961743754803e+02
6 96 5.30695428763491e+01
6 95 -1.57232617532453e+03
6 94 1.46167790876059e+03
6 93 7.26351822828916e+01
6 92 -3.62583265828492e+02
6 91 8.88003060377407e+02
6 90 -2.96222054782808e+01
6 89 2.29257281020328e+03
6 88 -2.19387708223499e+03
6 87 -8.24386489356565e+02
6 86 8.65367089342217e+02
6 85 -2.93166773451028e+02
6 84 -2.37574850801322e+02
6 83 7.00148836876518e+02
6 82 -6.86189802903704e+00
6 81 -1.82210142994151e+03
6 80 1.97296474561826e+03
6 79 6.09447740976496e+02
6 78 -9.27789855312813e+02
6 77 -7.92797251505959e+01
6 76 5.52541265677895e+02
6 75 -2.04733198478139e+02
6 74 -1.20757296957533e+02
6 73 2.35941942615810e+02
6 72 -1.01797389619207e+01
6 12 -8.21343205807720e+01
6 13 -2.72524467584062e+02
6 14 -4.53882780408600e+02
6 15 -3.91992548266942e+02
6 16 -1.12476454008495e+02
6 17 4.63911098906225e+01
6 101 -1.99135958308978e+02
6 5 -4.56310827498211e+01
6 4 3.15550905409018e+01
6 3 2.21218628968480e+01
6 2 -1.84490610616454e+02
6 1 1.30740391017845e+02
6 0 -3.09919564761622e+01
6 646 -9.60376549804666e+00
6 645 1.33161193079644e+02
6 644 -9.42310029836232e+01
6 643 -1.74343836953886e+02
6 642 4.77507409100684e+01
6 641 -4.10441789104653e+02
6 640 4.43915362664043e+02
6 639 2.96960463942320e+02
6 638 -2.92192385124872e+02
6 637 -4.56720308578435e+01
6 636 2.51264093782935e+01
6 635 5.75398819015392e+02
6 634 -7.63086058081562e+02
6 633 -2.99375386562512e+02
6 632 6.04001291239547e+02
6 631 1.50820936468479e+02
6 630 -3.45559729177862e+02
6 629 6.91140990520875e+01
6 628 6.39084739526916e+01
6 627 -3.12662320098974e+02
6 626 8.71701420739308e+02
6 625 1.25417067855437e+02
6 624 -9.80126322374211e+02
6 623 -6.31678078336566e+01
6 622 7.18773134200637e+02
6 621 1.66884203617508e+01
6 620 -2.88210664512470e+02
6 619 2.10492107922410e+01
6 618 5.10273834737221e+01
6 341 1.19192760255723e+01
6 340 5.67253673778004e+01
6 339 3.66554009616310e+01
6 338 -4.13402372964084e+01
6 337 -5.85164100516463e+01
6 336 -1.28918010958202e+01
6 342 -1.40798364242071e+01
6 343 9.18128307506308e+01
6 344 -1.57633982829857e+02
6 345 -2.02844710823270e+01
6 346 2.83195177198808e+02
6 347 -2.05581591099285e+02
6 647 -3.44698487331692e+01
7 7 4.03035466390533e+03
7 6 -1.49156695488180e+03
7 8 -1.06002608905914e+03
7 9 -1.35024875311356e+03
7 10 1.76015701824085e+03
7 11 -7.08481539950929e+02
7 100 -5.90155178533621e+02
7 99 -2.26081311767935e+03
7 98 1.97587867552688e+03
7 97 -1.48208636109667e+03
7 96 3.40565412649838e+01
7 95 3.85236895833297e+03
7 94 -3.56613397945661e+03
7 93 6.23392234224240e+02
7 92 3.12004781563347e+02
7 91 -1.25004135432299e+03
7 90 3.17607174214590e+01
7 89 -4.64858655711243e+03
7 88 4.53815116132449e+03
7 87 3.68831551521085e+02
7 86 -8.97663945659645e+02
7 85 3.13363011511192e+02
7 84 3.23693567700651e+02
7 83 -5.46466994192638e+02
7 82 -2.50785597210262e+01
7 81 1.14559407455654e+03
7 80 -8.65371325200376e+02
7 79 -6.08706827665357e+02
7 78 -9.20770608965756e+01
7 77 6.03022777153190e+02
7 76 2.11890791951583e+01
7 75 -4.33832368956325e+02
7 74 -2.62666475230435e+02
7 73 5.20960962109438e+02
7 72 1.18289455740446e+02
7 12 -2.72524467584062e+02
7 13 1.24235111283107e+02
7 14 4.96844719314895e+02
7 15 7.97396959418299e+02
7 16 5.80613962499217e+02
7 17 -2.88242918697109e+02
7 101 1.03153650565939e+03
7 5 -1.03974454126483e+02
7 4 9.33965826459458e+01
7 3 2.15396733844489e+02
7 2 -2.39245172250499e+02
7 1 3.03287220491137e+02
7 0 -1.37951768336200e+02
7 646 5.62927715291801e+01
7 645 1.21127185217736e+02
7 644 -3.79038054834946e+01
7 643 1.80247494181728e+02
7 642 -5.92738025322823e+01
7 641 2.26080113247933e+02
7 640 -3.59152522098995e+02
7 639 -3.56747743752329e+02
7 638 3.51170769532342e+02
7 637 6.19673695638235e+01
7 636 -3.87015276017372e+01
7 635 -6.91860075802980e+02
7 634 8.96891857470874e+02
7 633 5.65765019778965e+02
7 632 -8.51625744474344e+02
7 631 -3.20882400549140e+02
7 630 5.26786549016487e+02
7 629 -8.76887863240726e+01
7 628 -8.02265571615506e+01
7 627 4.53382785244392e+02
7 626 -9.80454329099755e+02
7 625 -2.49852098168612e+02
7 624 1.88532201520453e+03
7 623 1.37832216022457e+02
7 622 -1.62810968521523e+03
7 621 -2.72938845331397e+01
7 620 8.79777815365850e+02
7 619 -1.07987514239130e+02
7 618 -2.29486013513926e+02
7 341 -6.97146208796289e+01
7 340 -9.66197469190110e+01
7 339 -5.63840687631427e+01
7 338 5.48790386161651e+01
7 337 3.86042098970559e+01
7 336 -5.85164100516451e+01
7 342 -2.15893254581260e+01
7 343 -2.73949856363899e+01
7 344 1.70309723950299e+02
7 345 -4.43355329545420e+01
7 346 -3.59632081496096e+02
7 347 3.02210493117290e+02
7 647 -1.62997017326184e+02
8 8 3.09822434089528e+03
8 6 1.45633863636610e+02
8 7 -1.06002608905914e+03
8 9 -2.25690409734686e+02
8 10 -1.26480742887935e+03
8 11 8.02062004032314e+02
8 100 9.38521074046736e+02
8 99 2.48407560800177e+03
8 98 -2.26800883870776e+03
8 97 2.54020504963225e+03
8 96 -3.09979924206708e+02
8 95 -2.81188013122806e+03
8 94 2.79137015233105e+03
8 93 -1.81663947026797e+03
8 92 5.44619119779852e+02
8 91 -6.36478873431454e+02
8 90 1.01270615066098e+02
8 89 -5.89917259073532e+02
8 88 8.07437629085867e+02
8 87 4.67612665966914e+02
8 86 -8.95528387328518e+02
8 85 1.69050991015590e+03
8 84 -1.15638707087133e+02
8 83 -1.51751290500754e+03
8 82 -2.58451302521365e+01
8 81 4.32743870099611e+02
8 80 -8.12752302888249e+02
8 79 -3.39524386344372e+02
8 78 2.36315475067491e+02
8 77 3.33490193129075e+02
8 76 2.45399306152770e+02
8 75 -5.17238468755708e+02
8 74 -4.63002960697127e+02
8 73 7.75529264095171e+02
8 72 2.35888696776049e+02
8 12 -4.53882780408607e+02
8 13 4.96844719314900e+02
8 14 7.82926769202612e+02
8 15 -4.67573807751799e+02
8 16 -1.08786601743124e+03
8 17 4.36701406735442e+02
8 101 -1.49500619575387e+03
8 5 2.21247757028361e+02
8 4 1.34893027040638e+02
8 3 -1.90715262981316e+02
8 2 -6.97373710647972e+01
8 1 3.51613352766108e+02
8 0 -2.03952162392305e+02
8 646 -6.39442932279741e+01
8 645 -1.39960340752929e+02
8 644 2.08231025784582e+02
8 643 1.49155903858493e+02
8 642 1.31483863327626e+01
8 641 3.33654630320891e+02
8 640 -3.96299056019744e+02
8 639 -1.88257942470164e+02
8 638 -6.01759984711915e+01
8 637 7.99222505989153e+01
8 636 3.99620155799877e+01
8 635 7.41749835785982e+01
8 634 -5.84997054987035e+00
8 633 -2.14990455193418e+02
8 632 1.01954680067714e+02
8 631 1.92997171185540e+02
8 630 1.11776696992032e+01
8 629 -4.58821879563783e+01
8 628 -5.95902418768280e+01
8 627 -1.39923414690448e+02
8 626 1.20458688050956e+02
8 625 1.55367976150419e+02
8 624 -2.67702833071304e+02
8 623 -1.25607661577400e+02
8 622 1.22623340775253e+03
8 621 3.29522843454083e+01
8 620 -1.00741143039146e+03
8 619 1.68265523918252e+02
8 618 3.69243296127942e+02
8 341 1.22247838959721e+02
8 340 1.58890756744033e+01
8 339 2.07252876001340e+01
8 338 7.28346758398527e+01
8 337 5.48790386161652e+01
8 336 -4.13402372964081e+01
8 342 4.69579319905669e+01
8 343 -1.04826493357470e+02
8 344 5.46615355224747e+01
8 345 1.74958528657192e+02
8 346 -3.30405535370260e+01
8 347 -4.82225992133774e+01
8 647 -8.37065398599114e+00
9 9 3.13109043557749e+03
9 6 7.92021495525853e+02
9 7 -1.35024875311356e+03
9 8 -2.25690409734686e+02
9 10 -1.62293105871768e+03
9 11 4.53860771414949e+02
9 100 1.37858482469372e+02
9 99 1.37965653026736e+03
9 98 -7.40421042644131e+02
9 97 -9.44969046560512e+01
9 96 1.20073839405751e+02
9 95 -3.95431672111512e+03
9 94 3.62978981441775e+03
9 93 -8.24415678161655e+02
9 92 -2.17830855507946e+02
9 91 2.39116122379048e+03
9 90 -1.56937736161352e+02
9 89 3.12827562745945e+03
9 88 -3.01895632964242e+03
9 87 -2.37891069150289e+01
9 86 3.89299232088955e+01
9 85 4.03538476601193e+02
9 84 -1.81424632751992e+02
9 83 -1.35922111533125e+03
9 82 2.51686574884544e+01
9 81 -1.09400290924554e+03
9 80 1.43065475500146e+03
9 79 1.75322726599497e+02
9 78 1.72239968636200e+02
9 77 -1.16208800384992e+02
9 76 3.04697497505357e+02
9 75 -1.36762620197883e+02
9 74 -5.28642218940760e+01
9 73 4.96174163873251e+02
9 72 1.11024808981646e+02
9 12 -3.91992548266949e+02
9 13 7.97396959418334e+02
9 14 -4.67573807751813e+02
9 15 -1.07368053024713e+03
9 16 4.16219339096135e+02
9 17 3.23621280987738e+02
9 101 -9.18221710521590e+02
9 5 -2.36031038223934e+02
9 4 -2.09890375475876e+02
9 3 -1.88213700741871e+02
9 2 -3.51946813775850e+01
9 1 4.08971652899739e+01
9 0 -8.14514216553626e+01
9 646 -1.96701890442796e+02
9 645 -3.92300341520856e+02
9 644 3.82634235609961e+02
9 643 -1.84743984810467e+02
9 642 1.37309970437343e+02
9 641 -1.28568337386685e+02
9 640 1.66434468163220e+02
9 639 4.40381849857225e+02
9 638 -4.60164404348342e+02
9 637 6.10359317390164e+01
9 636 -8.74154138525060e+01
9 635 4.07555724903518e+02
9 634 -4.86038889054103e+02
9 633 -3.69342199664972e+02
9 632 4.53594321571305e+02
9 631 8.72104139546279e+00
9 630 -1.48081122973817e+02
9 629 -8.50670482030498e+01
9 628 9.91147680505068e+01
9 627 -1.99108977291211e+02
9 626 5.46537574468115e+02
9 625 1.27006312367520e+01
9 624 -8.99413325404771e+02
9 623 7.71976606494964e+01
9 622 9.85869874628396e+02
9 621 -3.51618370540907e+01
9 620 7.43167189233241e+01
9 619 -2.28811883051027e+01
9 618 -9.95224293681167e+01
9 341 -2.82246205976437e+01
9 340 -4.42826292006589e+01
9 339 2.44105984761317e+00
9 338 2.07252876001370e+01
9 337 -5.63840687631409e+01
9 336 3.66554009616260e+01
9 342 1.16449682983666e+02
9 343 -1.30326291415940e+02
9 344 -1.77744361084308e+02
9 345 7.12842198471340e+01
9 346 1.66191133160658e+02
9 347 -1.50402662781270e+02
9 647 2.35468829674105e+02
10 10 4.31741767451679e+03
10 6 -6.62365934854840e+02
10 7 1.76015701824085e+03
10 8 -1.26480742887935e+03
10 9 -1.62293105871768e+03
10 11 -1.89722667477740e+03
10 100 -1.74766144874770e+03
10 99 -5.88663515307331e+03
10 98 4.91560381450058e+03
10 97 -4.49065744670218e+03
10 96 6.32105070741217e+02
10 95 5.19204532977545e+03
10 94 -4.62693990283773e+03
10 93 2.95243302905927e+03
10 92 -1.33676350248468e+03
10 91 2.02117371575933e+03
10 90 -2.44898365514797e+02
10 89 -2.69745836492315e+03
10 88 2.53795280290065e+03
10 87 -1.76763379467433e+03
10 86 1.21080470231734e+03
10 85 -1.10014827608570e+03
10 84 2.55276105321182e+02
10 83 -3.71699750714825e+02
10 82 8.47281226091147e+01
10 81 6.68424307172796e+02
10 80 -8.21721259243302e+02
10 79 2.61407848077966e+02
10 78 -7.71812660179204e+02
10 77 9.29613503223646e+01
10 76 -3.49616936904489e+01
10 75 1.73118127978042e+02
10 74 1.80373906579345e+02
10 73 -3.51194966210336e+01
10 72 -8.76154275275273e+01
10 12 -1.12476454008480e+02
10 13 5.80613962499183e+02
10 14 -1.08786601743122e+03
10 15 4.16219339096131e+02
10 16 1.80543969829742e+03
10 17 -1.41591507443158e+03
10 101 3.90357677051224e+03
10 5 9.55606051915642e+01
10 4 3.48127435143103e+02
10 3 1.86569974056917e+02
10 2 -1.26009033444270e+02
10 1 -6.87529741887528e+01
10 0 4.87688804386709e+01
10 646 -1.67504289522965e+02
10 645 -2.10841240865274e+02
10 644 1.72337958633579e+02
10 643 -2.59111871678795e+02
10 642 1.32204047005473e+02
10 641 -2.24759249726797e+02
10 640 2.03556707501088e+02
10 639 3.27590417681038e+02
10 638 -8.53592274306011e+01
10 637 1.10717466229367e+02
10 636 -1.83318639974583e+02
10 635 -1.87087118245608e+02
10 634 1.48315350294824e+02
10 633 3.73996934935740e+02
10 632 -5.14407300286514e+01
10 631 -4.13277593690989e+02
10 630 -1.50056152486904e+02
10 629 5.21676776527574e+01
10 628 2.01748918251521e+02
10 627 1.48406859086030e+02
10 626 -3.66911413085796e+02
10 625 -3.50627559096455e+01
10 624 8.13600168026870e+02
10 623 -1.83858856267368e+01
10 622 -1.38160218922206e+03
10 621 9.81181595675178e+01
10 620 1.59800636975269e+03
10 619 -1.11583252477689e+02
10 618 -4.42599177681978e+02
10 341 -8.89641517557028e+01
10 340 9.32180545898267e+01
10 339 -4.42826292006596e+01
10 338 1.58890756743979e+01
10 337 -9.66197469190068e+01
10 336 5.67253673777998e+01
10 342 8.99101787574708e+01
10 343 -4.63885669335142e+01
10 344 -1.06908710360299e+02
10 345 -8.16702731096251e+01
10 346 -3.36862400602933e+01
10 347 9.67486898880048e+01
10 647 2.35466125915189e+02
11 11 1.52766759531142e+03
11 6 2.01438667029069e+02
11 7 -7.08481539950929e+02
11 8 8.02062004032314e+02
11 9 4.53860771414949e+02
11 10 -1.89722667477740e+03
11 100 1.49807237499269e+03
11 99 3.15732628858134e+03
11 98 -2.60751047669069e+03
11 97 2.81249888563632e+03
11 96 -5.51618859816107e+02
11 95 -2.33732505989695e+03
11 94 2.08108161519351e+03
11 93 -2.11475739101214e+03
11 92 1.04746858478956e+03
11 91 -1.64815145517562e+03
11 90 1.54150090798433e+02
11 89 9.14814897159136e+02
11 88 -8.40662479876067e+02
11 87 1.14403502592027e+03
11 86 -8.18304806353996e+02
11 85 9.61368163227238e+02
11 84 -2.05154775502935e+02
11 83 3.68732823349920e+02
11 82 2.95891247058226e+01
11 81 -1.55416331194002e+02
11 80 1.74814895973633e+02
11 79 -2.02869179816173e+02
11 78 4.55224621301128e+02
11 77 -6.23567858704560e+01
11 76 -4.81278297849325e+00
11 75 -1.38969446023162e+02
11 74 -2.50776019879019e+02
11 73 2.20347484958772e+01
11 72 -6.08730342719817e+01
11 12 4.63911098906201e+01
11 13 -2.88242918697103e+02
11 14 4.36701406735430e+02
11 15 3.23621280987749e+02
11 16 -1.41591507443158e+03
11 17 8.98922392641260e+02
11 101 -2.66880925687119e+03
11 5 -8.69542721923850e+00
11 4 -1.65777974887718e+02
11 3 -1.02361112577840e+02
11 2 1.18129227399475e+02
11 1 1.30641973685270e+02
11 0 1.59558563860192e+01
11 646 -6.86364548120819e+01
11 645 2.16931872031960e+02
11 644 -1.89641829080961e+02
11 643 -1.22942660406403e+02
11 642 6.35035766753349e+01
11 641 1.56682014691568e+02
11 640 -1.44460611248709e+02
11 639 -2.65325909103083e+02
11 638 7.46845070442283e+01
11 637 2.67228069404531e+02
11 636 2.29689735533879e+01
11 635 2.05943158846414e+01
11 634 2.22966933678246e+01
11 633 -1.45800565284171e+02
11 632 -9.01184790550817e+01
11 631 1.55380401415778e+02
11 630 2.73326629446486e+02
11 629 -3.02853285411303e+02
11 628 -1.95800853312977e+02
11 627 -3.06399102548062e+01
11 626 7.54889327705649e+01
11 625 5.50046929187507e+00
11 624 -2.45368439242236e+02
11 623 1.16914908819325e+01
11 622 5.84224983150339e+02
11 621 -3.44284067671000e+01
11 620 -8.10522289694355e+02
11 619 1.69570139675674e+02
11 618 6.04501622201513e+02
11 341 8.58615413647390e+01
11 340 -8.89641517556999e+01
11 339 -2.82246205976415e+01
11 338 1.22247838959722e+02
11 337 -6.97146208796322e+01
11 336 1.19192760255765e+01
11 342 2.21768939274419e+01
11 343 7.84230691598569e+01
11 344 8.84477509893867e+01
11 345 3.27043173159811e+01
11 346 -1.76852017507317e+01
11 347 -1.72081251581940e+01
11 647 6.06959927070970e+01
12 12 1.65369689574185e+03
12 220 4.40736142312180e+01
12 219 -1.74343836953859e+02
12 218 1.26593096043793e+02
12 217 1.33161193079637e+02
12 216 -3.89301900960173e+01
12 215 -4.56720308578888e+01
12 214 2.05456214795937e+01
12 213 2.96960463942316e+02
12 212 -4.76807881745072e+00
12 211 -4.10441789104652e+02
12 210 -3.34735735593871e+01
12 209 6.91140990521115e+01
12 208 -1.33022573004802e+02
12 207 1.50820936468483e+02
12 206 1.94738792709380e+02
12 205 -2.99375386562513e+02
12 204 -3.04625904677027e+02
12 203 5.75398819015389e+02
12 202 1.87687239066166e+02
12 201 2.10492107922393e+01
12 200 -7.20765942659623e+01
12 199 1.66884203617491e+01
12 198 2.71522244150728e+02
12 197 -6.31678078336560e+01
12 196 -6.55605326366983e+02
12 195 1.25417067855439e+02
12 194 8.54709254518762e+02
12 193 -3.12662320098977e+02
12 192 -5.59039100640327e+02
12 54 2.05581591099284e+02
12 55 -2.83195177198808e+02
12 56 2.02844710823246e+01
12 57 1.57633982829859e+02
12 58 -9.18128307506289e+01
12 59 1.40798364242089e+01
12 65 -1.28918010958241e+01
12 64 -5.85164100516312e+01
12 63 -4.13402372964200e+01
12 62 3.66554009616203e+01
12 61 5.67253673778129e+01
12 60 1.19192760255690e+01
12 101 -1.99135958308970e+02
12 100 8.77552061720634e+01
12 99 3.33961743754760e+02
12 98 -3.87031286631117e+02
12 97 6.54254150623838e+02
12 96 -8.39964204392592e+01
12 95 8.88003060377449e+02
12 94 -8.58380854899166e+02
12 93 7.26351822829227e+01
12 92 2.89948083545598e+02
12 91 -1.57232617532455e+03
12 90 1.10648266563941e+02
12 89 7.00148836876515e+02
12 88 -6.93286938847469e+02
12 87 -2.93166773451010e+02
12 86 5.30741624252337e+02
12 85 -8.24386489356584e+02
12 84 -4.09805999856485e+01
12 83 2.29257281020332e+03
12 82 -9.86957279682810e+01
12 81 2.35941942615797e+02
12 80 -2.25762203653899e+02
12 79 -2.04733198478134e+02
12 78 3.25490495435676e+02
12 77 -7.92797251506007e+01
12 76 -4.73261540527293e+02
12 75 6.09447740976497e+02
12 74 3.18342114336313e+02
12 73 -1.82210142994150e+03
12 72 -1.50863315676746e+02
12 221 -3.44698487331739e+01
12 13 -1.49156695488182e+03
12 14 1.45633863636608e+02
12 15 7.92021495525875e+02
12 16 -6.62365934854830e+02
12 17 2.01438667029064e+02
12 11 4.63911098906201e+01
12 10 -1.12476454008480e+02
12 9 -3.91992548266949e+02
12 8 -4.53882780408607e+02
12 7 -2.72524467584062e+02
12 6 -8.21343205807720e+01
12 5 3.09919564761702e+01
12 4 -1.30740391017845e+02
12 3 1.84490610616447e+02
12 2 -2.21218628968429e+01
12 1 -3.15550905409032e+01
12 0 4.56310827498172e+01
13 13 4.03035466390539e+03
13 220 1.06704245797006e+02
13 219 1.80247494181707e+02
13 218 -1.20973691649426e+02
13 217 1.21127185217742e+02
13 216 -8.32233797342454e+01
13 215 6.19673695638560e+01
13 214 -2.32658419621166e+01
13 213 -3.56747743752336e+02
13 212 5.57697421999019e+00
13 211 2.26080113247930e+02
13 210 1.33072408851059e+02
13 209 -8.76887863240786e+01
13 208 1.67915343485629e+02
13 207 -3.20882400549137e+02
13 206 -2.05904148467348e+02
13 205 5.65765019778971e+02
13 204 2.85860724695372e+02
13 203 -6.91860075802981e+02
13 202 -2.05031781667887e+02
13 201 -1.07987514239130e+02
13 200 3.37473527753056e+02
13 199 -2.72938845331345e+01
13 198 -8.52483930832719e+02
13 197 1.37832216022456e+02
13 196 1.49027746919278e+03
13 195 -2.49852098168612e+02
13 194 -1.63546991703590e+03
13 193 4.53382785244400e+02
13 192 5.27071543855355e+02
13 54 -3.02210493117291e+02
13 55 3.59632081496095e+02
13 56 4.43355329545452e+01
13 57 -1.70309723950301e+02
13 58 2.73949856363884e+01
13 59 2.15893254581271e+01
13 65 -5.85164100516444e+01
13 64 3.86042098970451e+01
13 63 5.48790386161718e+01
13 62 -5.63840687631327e+01
13 61 -9.66197469190161e+01
13 60 -6.97146208796283e+01
13 101 1.03153650565938e+03
13 100 -4.41381327125778e+02
13 99 -1.48208636109661e+03
13 98 1.44802981983164e+03
13 97 -2.26081311767930e+03
13 96 2.84934442152484e+02
13 95 -1.25004135432308e+03
13 94 1.21828063690162e+03
13 93 6.23392234224175e+02
13 92 -9.35397015787592e+02
13 91 3.85236895833305e+03
13 90 -2.86234978876367e+02
13 89 -5.46466994192592e+02
13 88 5.71545553913608e+02
13 87 3.13363011511210e+02
13 86 -6.37056579211837e+02
13 85 3.68831551521085e+02
13 84 5.28832394138572e+02
13 83 -4.64858655711258e+03
13 82 1.10435395787957e+02
13 81 5.20960962109452e+02
13 80 -6.39250417849839e+02
13 79 -4.33832368956327e+02
13 78 6.96498844186737e+02
13 77 6.03022777153194e+02
13 76 -6.24211856348354e+02
13 75 -6.08706827665362e+02
13 74 7.00783888561943e+02
13 73 1.14559407455655e+03
13 72 -2.80222749356163e+02
13 12 -1.49156695488182e+03
13 221 -1.62997017326189e+02
13 14 -1.06002608905914e+03
13 15 -1.35024875311362e+03
13 16 1.76015701824084e+03
13 17 -7.08481539950922e+02
13 11 -2.88242918697103e+02
13 10 5.80613962499183e+02
13 9 7.97396959418334e+02
13 8 4.96844719314900e+02
13 7 1.24235111283107e+02
13 6 -2.72524467584062e+02
13 5 1.37951768336171e+02
13 4 -3.03287220491133e+02
13 3 2.39245172250514e+02
13 2 -2.15396733844499e+02
13 1 -9.33965826459475e+01
13 0 1.03974454126488e+02
14 14 3.09822434089529e+03
14 220 7.23149472139619e+01
14 219 1.49155903858475e+02
14 218 -1.62304290191243e+02
14 217 -1.39960340752913e+02
14 216 -6.82706850316550e+01
14 215 7.99222505989438e+01
14 214 -1.19884266178931e+02
14 213 -1.88257942470155e+02
14 212 2.48433940941357e+02
14 211 3.33654630320875e+02
14 210 6.26444256988531e+01
14 209 -4.58821879563988e+01
14 208 1.05472429833224e+02
14 207 1.92997171185529e+02
14 206 -2.04174840884737e+02
14 205 -2.14990455193416e+02
14 204 1.13035775125694e+02
14 203 7.41749835786015e+01
14 202 -6.83250130287280e+01
14 201 1.68265523918253e+02
14 200 -5.37508820046196e+02
14 199 3.29522843454068e+01
14 198 9.74459146046052e+02
14 197 -1.25607661577397e+02
14 196 -1.10062574617513e+03
14 195 1.55367976150413e+02
14 194 1.12334856920892e+02
14 193 -1.39923414690445e+02
14 192 1.94647266394862e+01
14 54 4.82225992133764e+01
14 55 3.30405535370247e+01
14 56 -1.74958528657185e+02
14 57 -5.46615355224732e+01
14 58 1.04826493357464e+02
14 59 -4.69579319905685e+01
14 65 -4.13402372964047e+01
14 64 5.48790386161559e+01
14 63 7.28346758398602e+01
14 62 2.07252876001418e+01
14 61 1.58890756743948e+01
14 60 1.22247838959726e+02
14 101 -1.49500619575383e+03
14 100 5.56485121707122e+02
14 99 2.54020504963222e+03
14 98 -2.23022512542552e+03
14 97 2.48407560800174e+03
14 96 -2.16066769294013e+02
14 95 -6.36478873431429e+02
14 94 5.35208258365326e+02
14 93 -1.81663947026790e+03
14 92 1.27202035048810e+03
14 91 -2.81188013122809e+03
14 90 2.05099788970124e+01
14 89 -1.51751290500756e+03
14 88 1.54335803525970e+03
14 87 1.69050991015586e+03
14 86 -1.57487120306876e+03
14 85 4.67612665966909e+02
14 84 4.27915721361610e+02
14 83 -5.89917259073561e+02
14 82 -2.17520370012328e+02
14 81 7.75529264095150e+02
14 80 -1.01141796087124e+03
14 79 -5.17238468755714e+02
14 78 9.80241429452871e+02
14 77 3.33490193129089e+02
14 76 -5.78889499281865e+02
14 75 -3.39524386344391e+02
14 74 1.03208911276899e+02
14 73 4.32743870099625e+02
14 72 3.80008432788626e+02
14 12 1.45633863636608e+02
14 13 -1.06002608905914e+03
14 221 -8.37065398598173e+00
14 15 -2.25690409734670e+02
14 16 -1.26480742887933e+03
14 17 8.02062004032300e+02
14 11 4.36701406735430e+02
14 10 -1.08786601743122e+03
14 9 -4.67573807751813e+02
14 8 7.82926769202612e+02
14 7 4.96844719314895e+02
14 6 -4.53882780408600e+02
14 5 2.03952162392326e+02
14 4 -3.51613352766125e+02
14 3 6.97373710647949e+01
14 2 1.90715262981321e+02
14 1 -1.34893027040646e+02
14 0 -2.21247757028354e+02
15 15 3.13109043557756e+03
15 220 -3.87669392313142e+01
15 219 -1.84743984810458e+02
15 218 4.74340143731185e+01
15 217 -3.92300341520875e+02
15 216 9.66610591089803e+00
15 215 6.10359317390011e+01
15 214 2.63794821135038e+01
15 213 4.40381849857236e+02
15 212 1.97825544911070e+01
15 211 -1.28568337386654e+02
15 210 -3.78661307765331e+01
15 209 -8.50670482030450e+01
15 208 -1.40477198474584e+01
15 207 8.72104139546830e+00
15 206 1.39360081578358e+02
15 205 -3.69342199664985e+02
15 204 -8.42521219063265e+01
15 203 4.07555724903499e+02
15 202 7.84831641505824e+01
15 201 -2.28811883050993e+01
15 200 1.22403617673220e+02
15 199 -3.51618370540967e+01
15 198 -3.91548818692314e+01
15 197 7.71976606494995e+01
15 196 -1.06306753527789e+03
15 195 1.27006312367492e+01
15 194 8.86712694168010e+02
15 193 -1.99108977291211e+02
15 192 -3.47428597176897e+02
15 54 1.50402662781267e+02
15 55 -1.66191133160651e+02
15 56 -7.12842198471424e+01
15 57 1.77744361084300e+02
15 58 1.30326291415952e+02
15 59 -1.16449682983669e+02
15 65 3.66554009616276e+01
15 64 -5.63840687631368e+01
15 63 2.07252876001334e+01
15 62 2.44105984760747e+00
15 61 -4.42826292006580e+01
15 60 -2.82246205976418e+01
15 101 -9.18221710521619e+02
15 100 7.80363228052239e+02
15 99 -9.44969046560438e+01
15 98 -2.55769347497021e+01
15 97 1.37965653026736e+03
15 96 -6.39235487623245e+02
15 95 2.39116122379046e+03
15 94 -2.23422348762912e+03
15 93 -8.24415678161628e+02
15 92 1.04224653366962e+03
15 91 -3.95431672111529e+03
15 90 3.24526906697395e+02
15 89 -1.35922111533121e+03
15 88 1.33405245784279e+03
15 87 4.03538476601181e+02
15 86 -2.22113843849229e+02
15 85 -2.37891069150247e+01
15 84 -1.51408162938578e+01
15 83 3.12827562745959e+03
15 82 -1.09319297817053e+02
15 81 4.96174163873229e+02
15 80 -6.07198972854951e+02
15 79 -1.36762620197880e+02
15 78 1.89626842092018e+02
15 77 -1.16208800384991e+02
15 76 -1.88488697120365e+02
15 75 1.75322726599493e+02
15 74 -3.47562695235728e+02
15 73 -1.09400290924555e+03
15 72 -3.36651845755903e+02
15 12 7.92021495525875e+02
15 13 -1.35024875311362e+03
15 14 -2.25690409734670e+02
15 221 2.35468829674114e+02
15 16 -1.62293105871770e+03
15 17 4.53860771414954e+02
15 11 3.23621280987749e+02
15 10 4.16219339096131e+02
15 9 -1.07368053024713e+03
15 8 -4.67573807751799e+02
15 7 7.97396959418299e+02
15 6 -3.91992548266942e+02
15 5 8.14514216553990e+01
15 4 -4.08971652899908e+01
15 3 3.51946813775578e+01
15 2 1.88213700741893e+02
15 1 2.09890375475886e+02
15 0 2.36031038223921e+02
16 16 4.31741767451675e+03
16 220 -6.79618363922224e+01
16 219 -2.59111871678795e+02
16 218 1.26907824673326e+02
16 217 -2.10841240865302e+02
16 216 3.85032822316942e+01
16 215 1.10717466229368e+02
16 214 7.26011737452198e+01
16 213 3.27590417681036e+02
16 212 -2.42231190250439e+02
16 211 -2.24759249726763e+02
16 210 2.12025422257106e+01
16 209 5.21676776527567e+01
16 208 -2.53916595904285e+02
16 207 -4.13277593690985e+02
16 206 5.63333746177895e+02
16 205 3.73996934935744e+02
16 204 -3.22556204907084e+02
16 203 -1.87087118245612e+02
16 202 3.87717679507807e+01
16 201 -1.11583252477680e+02
16 200 5.54182430159665e+02
16 199 9.81181595675153e+01
16 198 -1.69612452932022e+03
16 197 -1.83858856267380e+01
16 196 1.39998807484879e+03
16 195 -3.50627559096406e+01
16 194 -7.78537412117225e+02
16 193 1.48406859086029e+02
16 192 2.18504553999770e+02
16 54 -9.67486898880061e+01
16 55 3.36862400602982e+01
16 56 8.16702731096138e+01
16 57 1.06908710360293e+02
16 58 4.63885669335279e+01
16 59 -8.99101787574718e+01
16 65 5.67253673778000e+01
16 64 -9.66197469190088e+01
16 63 1.58890756743987e+01
16 62 -4.42826292006614e+01
16 61 9.32180545898287e+01
16 60 -8.89641517557022e+01
16 101 3.90357677051221e+03
16 100 -2.15591532176454e+03
16 99 -4.49065744670219e+03
16 98 3.85855237596097e+03
16 97 -5.88663515307319e+03
16 96 9.71031338572723e+02
16 95 2.02117371575935e+03
16 94 -1.77627535024454e+03
16 93 2.95243302905919e+03
16 92 -1.61566952657458e+03
16 91 5.19204532977540e+03
16 90 -5.65105426937698e+02
16 89 -3.71699750714860e+02
16 88 2.86971628105712e+02
16 87 -1.10014827608567e+03
16 86 8.44872170764530e+02
16 85 -1.76763379467433e+03
16 84 5.56829092357005e+02
16 83 -2.69745836492310e+03
16 82 1.59505562022475e+02
16 81 -3.51194966210114e+01
16 80 1.22734924148612e+02
16 79 1.73118127978053e+02
16 78 -3.53492034557447e+02
16 77 9.29613503223556e+01
16 76 -5.79996566319166e+01
16 75 2.61407848077986e+02
16 74 5.10404812101205e+02
16 73 6.68424307172766e+02
16 72 1.53296952070530e+02
16 12 -6.62365934854830e+02
16 13 1.76015701824084e+03
16 14 -1.26480742887933e+03
16 15 -1.62293105871770e+03
16 221 2.35466125915185e+02
16 17 -1.89722667477738e+03
16 11 -1.41591507443158e+03
16 10 1.80543969829742e+03
16 9 4.16219339096135e+02
16 8 -1.08786601743124e+03
16 7 5.80613962499217e+02
16 6 -1.12476454008495e+02
16 5 -4.87688804387093e+01
16 4 6.87529741887721e+01
16 3 1.26009033444289e+02
16 2 -1.86569974056917e+02
16 1 -3.48127435143089e+02
16 0 -9.55606051915740e+01
17 17 1.52766759531141e+03
17 220 7.94046210498778e+00
17 219 -1.22942660406406e+02
17 218 5.94390837310671e+01
17 217 2.16931872031995e+02
17 216 -2.72900429509997e+01
17 215 2.67228069404528e+02
17 214 -2.90197042957920e+02
17 213 -2.65325909103088e+02
17 212 1.90641402058861e+02
17 211 1.56682014691514e+02
17 210 -1.22214034428604e+01
17 209 -3.02853285411304e+02
17 208 4.98654138724284e+02
17 207 1.55380401415776e+02
17 206 -4.28707030862270e+02
17 205 -1.45800565284167e+02
17 204 2.35919044339249e+02
17 203 2.05943158846703e+01
17 202 -4.28910092524642e+01
17 201 1.69570139675671e+02
17 200 -7.74071761877189e+02
17 199 -3.44284067670975e+01
17 198 8.44950696461460e+02
17 197 1.16914908819333e+01
17 196 -5.95916474032267e+02
17 195 5.50046929187357e+00
17 194 2.39867969950359e+02
17 193 -3.06399102548081e+01
17 192 -4.48490225157595e+01
17 54 1.72081251581984e+01
17 55 1.76852017507168e+01
17 56 -3.27043173159676e+01
17 57 -8.84477509893743e+01
17 58 -7.84230691598762e+01
17 59 -2.21768939274370e+01
17 65 1.19192760255742e+01
17 64 -6.97146208796318e+01
17 63 1.22247838959721e+02
17 62 -2.82246205976402e+01
17 61 -8.89641517557008e+01
17 60 8.58615413647398e+01
17 101 -2.66880925687118e+03
17 100 1.17073688187850e+03
17 99 2.81249888563633e+03
17 98 -2.26088002582023e+03
17 97 3.15732628858129e+03
17 96 -5.49815811890645e+02
17 95 -1.64815145517563e+03
17 94 1.49400136437719e+03
17 93 -2.11475739101211e+03
17 92 1.06728880622259e+03
17 91 -2.33732505989693e+03
17 90 2.56243444703428e+02
17 89 3.68732823349915e+02
17 88 -3.98321948055727e+02
17 87 9.61368163227231e+02
17 86 -7.56213387724312e+02
17 85 1.14403502592027e+03
17 84 -3.25730219566283e+02
17 83 9.14814897159123e+02
17 82 -7.41524172830567e+01
17 81 2.20347484958733e+01
17 80 3.88382857760804e+01
17 79 -1.38969446023169e+02
17 78 3.89745465902199e+02
17 77 -6.23567858704569e+01
17 76 6.71695688489629e+01
17 75 -2.02869179816178e+02
17 74 -2.52355441484940e+02
17 73 -1.55416331193992e+02
17 72 -1.93985647796528e+01
17 12 2.01438667029064e+02
17 13 -7.08481539950922e+02
17 14 8.02062004032300e+02
17 15 4.53860771414954e+02
17 16 -1.89722667477738e+03
17 221 6.06959927070913e+01
17 11 8.98922392641260e+02
17 10 -1.41591507443158e+03
17 9 3.23621280987738e+02
17 8 4.36701406735442e+02
17 7 -2.88242918697109e+02
17 6 4.63911098906225e+01
17 5 -1.59558563860062e+01
17 4 -1.30641973685272e+02
17 3 -1.18129227399484e+02
17 2 1.02361112577833e+02
17 1 1.65777974887715e+02
17 0 8.69542721924809e+00
18 18 1.21472565177560e+03
18 19 -1.07139774464674e+03
18 20 2.22620574103193e+02
18 21 5.03021962652451e+02
18 22 -4.70881953571029e+02
18 23 1.36307530052563e+02
18 130 -6.36825927752472e+01
18 129 1.85690164412992e+02
18 128 -9.92492014240031e+01
18 127 -1.11503608546929e+02
18 126 8.16970051464466e+01
18 125 -1.49662114271255e+02
18 124 2.14880616321100e+02
18 123 -4.47988104564019e+02
18 122 1.26391029014245e+02
18 121 2.60085451701744e+02
18 120 -2.51163288547854e+01
18 119 -2.03863840889617e+02
18 118 2.81223973927801e+02
18 117 -2.78833851779922e+02
18 116 -6.62949719589234e+01
18 115 3.16981833913565e+02
18 114 9.13380832462930e+01
18 113 -3.17118160352393e+02
18 112 -1.15038266945518e+02
18 111 -4.86795682532229e+01
18 110 9.32283756890401e+01
18 109 -3.27479731554799e+01
18 108 -2.02149324518654e+02
18 107 7.69491289360449e+01
18 106 4.39397059698974e+02
18 105 -7.00261944287517e+01
18 104 -5.94767907905869e+02
18 103 2.37728072699753e+02
18 102 4.85260350229487e+02
18 30 -4.56310827498172e+01
18 31 -1.03974454126488e+02
18 32 2.21247757028354e+02
18 33 -2.36031038223921e+02
18 34 9.55606051915740e+01
18 35 -8.69542721924810e+00
18 29 -1.59558563860192e+01
18 28 -4.87688804386710e+01
18 27 8.14514216553626e+01
18 26 2.03952162392305e+02
18 25 1.37951768336200e+02
18 24 3.09919564761622e+01
18 131 4.43660790776710e+01
18 436 4.72970803109137e+01
18 435 -2.73020028922568e+02
18 434 7.29823888977789e+01
18 433 4.54668101950837e+02
18 432 -2.11653367302683e+02
18 431 6.36827260313070e+02
18 430 -5.75329153482960e+02
18 429 -1.09691270855679e+03
18 428 7.87440370874485e+02
18 427 -3.66452308579738e+02
18 426 -1.59689516312289e+02
18 425 -7.76473608698188e+02
18 424 1.05814835786521e+03
18 423 7.76139809202719e+02
18 422 -9.99783926685674e+02
18 421 -6.82733296882650e+02
18 420 8.45058583010374e+02
18 419 -4.99166910033365e+02
18 418 -1.89418674738739e+02
18 417 5.82084527397937e+02
18 416 -1.77025948048836e+03
18 415 -1.71461299570689e+02
18 414 1.62776888938622e+03
18 413 1.88412318502212e+02
18 412 -1.26428958840276e+03
18 411 -8.01844235767882e+01
18 410 5.75153287329188e+02
18 409 -1.19193426164699e+02
18 408 -1.09079130739316e+02
18 299 -7.58847625091114e+01
18 298 -3.37779164924665e+02
18 297 -4.99383167960424e+02
18 296 -1.99436321262970e+02
18 295 1.19412109808952e+02
18 294 3.90684071014544e+01
18 293 -2.12910220738900e+01
18 292 2.33983092863614e+02
18 291 -5.77929286076993e+02
18 290 5.41731965540160e+02
18 289 -2.54584661812796e+02
18 288 -1.11729115267901e+02
18 437 1.08631714711406e+02
19 19 2.78443194512555e+03
19 18 -1.07139774464674e+03
19 20 -1.02414628750089e+03
19 21 -7.27192149215383e+02
19 22 1.19639282607910e+03
19 23 -4.70881953571039e+02
