252 647 252 647
252 252 1.32467664432576e-02
252 616 -3.63215644819391e-04
252 615 2.09664413113545e-03
252 614 -5.60464732066127e-04
252 613 -3.49160173827422e-03
252 612 1.62538181591096e-03
252 611 -4.89048420056078e-03
252 610 4.41821245819033e-03
252 609 8.42368818815025e-03
252 608 -6.04711031175427e-03
252 607 2.81415281199992e-03
252 606 1.22632793096281e-03
252 605 5.96289159107935e-03
252 604 -8.12599922849588e-03
252 603 -5.96032819396920e-03
252 602 7.67779239699509e-03
252 601 5.24301739212599e-03
252 600 -6.48958659013563e-03
252 599 3.83332818661188e-03
252 598 1.45463156782196e-03
252 597 -4.47009002603163e-03
252 596 1.35946222150810e-02
252 595 1.31672877217261e-03
252 594 -1.25003725999327e-02
252 593 -1.44690330368884e-03
252 592 9.70905085623625e-03
252 591 6.15772409680729e-04
252 590 -4.41686190255298e-03
252 589 9.15340161761613e-04
252 588 8.37667918344572e-04
252 336 -5.82753370092344e-04
252 337 -2.59395878959484e-03
252 338 -3.83498892892214e-03
252 339 -1.53156160066865e-03
252 340 9.17019532249952e-04
252 341 3.00023946174682e-04
252 377 -8.34232008559247e-04
252 376 1.19744765337834e-03
252 375 -3.49160173827287e-03
252 374 1.86621992236222e-03
252 373 2.09664413113586e-03
252 372 -1.53617939906925e-03
252 371 2.81415281199753e-03
252 370 -4.04048074296068e-03
252 369 8.42368818814969e-03
252 368 -2.37657787639589e-03
252 367 -4.89048420056090e-03
252 366 4.72271742370571e-04
252 365 3.83332818661324e-03
252 364 -5.28795975443496e-03
252 363 5.24301739212620e-03
252 362 1.24656919800935e-03
252 361 -5.96032819396915e-03
252 360 -1.71746420302569e-03
252 359 5.96289159107901e-03
252 358 2.16310763741649e-03
252 357 9.15340161761597e-04
252 356 -1.75300808010612e-03
252 355 6.15772409680664e-04
252 354 3.80108949287264e-03
252 353 -1.44690330368881e-03
252 352 -8.26214755254737e-03
252 351 1.31672877217269e-03
252 350 1.11836438277597e-02
252 349 -4.47009002603177e-03
252 348 -9.12453218904914e-03
252 264 8.58018346594707e-04
252 265 1.95507061944643e-03
252 266 -4.16020447540260e-03
252 267 4.43818005091567e-03
252 268 -1.79686186531246e-03
252 269 1.63503376119729e-04
252 263 3.00023946174927e-04
252 262 9.17019532249232e-04
252 261 -1.53156160066797e-03
252 260 -3.83498892892174e-03
252 259 -2.59395878959538e-03
252 258 -5.82753370092195e-04
252 257 1.48645417376694e-03
252 256 -5.13503872432642e-03
252 255 5.48553037086677e-03
252 254 2.42771093727899e-03
252 253 -1.16837539986272e-02
252 617 -8.34232008558777e-04
252 60 1.63503376119549e-04
252 61 -1.79686186531228e-03
252 62 4.43818005091591e-03
252 63 -4.16020447540272e-03
252 64 1.95507061944633e-03
252 65 8.58018346594783e-04
253 253 3.03646503227358e-02
253 616 3.51734967688040e-03
253 615 1.15212655126650e-02
253 614 -8.61619036911572e-03
253 613 5.48073599440228e-03
253 612 -1.78837274289889e-03
253 611 -9.49797839288389e-03
253 610 6.32274562743819e-03
253 609 -1.13188442155062e-02
253 608 8.05964769451546e-03
253 607 -3.54274804316590e-03
253 606 -1.85703719823000e-03
253 605 7.24554825753717e-03
253 604 -5.06765810451369e-03
253 603 1.58848356752729e-02
253 602 -1.34665451196324e-02
253 601 -1.16515891090064e-02
253 600 1.10089747699401e-02
253 599 -7.48816435323733e-03
253 598 -2.35174914303619e-03
253 597 1.09864079452909e-03
253 596 -7.10627984100379e-03
253 595 -4.40182128648236e-03
253 594 2.54930446052513e-02
253 593 3.33498284745777e-03
253 592 -2.22613564962865e-02
253 591 -1.24447695482193e-03
253 590 1.37463992995150e-02
253 589 -3.74189606261678e-03
253 588 -3.76303305647116e-03
253 336 2.45836055982534e-03
253 337 5.70282324651059e-03
253 338 6.61151761914351e-03
253 339 7.69004722831586e-04
253 340 -1.29278793493356e-03
253 341 2.45650998184468e-03
253 377 -7.86586845214681e-03
253 376 4.34851877526642e-03
253 375 5.48073599440139e-03
253 374 -3.69236325150268e-03
253 373 1.15212655126644e-02
253 372 -2.90507514354932e-03
253 371 -3.54274804316446e-03
253 370 5.39978524139463e-03
253 369 -1.13188442155063e-02
253 368 3.25919652099097e-03
253 367 -9.49797839288372e-03
253 366 3.17523276544562e-03
253 365 -7.48816435323749e-03
253 364 9.83991349627375e-03
253 363 -1.16515891090061e-02
253 362 6.42614339066218e-04
253 361 1.58848356752731e-02
253 360 -2.41829055564079e-03
253 359 7.24554825753727e-03
253 358 -2.17789015302339e-03
253 357 -3.74189606261691e-03
253 356 7.50492911908779e-03
253 355 -1.24447695482163e-03
253 354 -1.25019223446932e-02
253 353 3.33498284745767e-03
253 352 1.89263736488287e-02
253 351 -4.40182128648240e-03
253 350 -2.10912233187685e-02
253 349 1.09864079452952e-03
253 348 6.00763904647433e-03
253 264 -5.93342190913945e-04
253 265 -1.75617093854282e-03
253 266 -2.53644413092594e-03
253 267 3.94664737453953e-03
253 268 -6.54597060392843e-03
253 269 3.11718537766991e-03
253 263 2.45650998184464e-03
253 262 -1.29278793493320e-03
253 261 7.69004722831267e-04
253 260 6.61151761914318e-03
253 259 5.70282324651067e-03
253 258 2.45836055982534e-03
253 257 -5.13503872432642e-03
253 256 1.30468442139941e-02
253 255 -7.93014006573906e-03
253 254 -1.11684697317645e-02
253 617 -7.86586845214673e-03
253 252 -1.16837539986272e-02
253 60 3.11718537766997e-03
253 61 -6.54597060392868e-03
253 62 3.94664737453932e-03
253 63 -2.53644413092579e-03
253 64 -1.75617093854278e-03
253 65 -5.93342190913923e-04
254 254 2.02098842208804e-02
254 616 2.18480773456147e-03
254 615 6.43952535940572e-03
254 614 -4.26834289008143e-03
254 613 6.66474583471259e-03
254 612 -1.24927467489895e-03
254 611 -8.95424299957956e-03
254 610 8.56418023232122e-03
254 609 -1.05057785867715e-02
254 608 3.05192395042479e-03
254 607 7.13684681289507e-06
254 606 6.68533068346050e-04
254 605 5.36512635663332e-03
254 604 -3.82206803851852e-03
254 603 -2.05816225234332e-03
254 602 -7.43686775736933e-04
254 601 8.42340944468702e-03
254 600 -2.99486554151652e-03
254 599 3.88730057863570e-03
254 598 7.15362368869179e-05
254 597 -7.87632221235393e-05
254 596 -1.41874031453419e-03
254 595 3.03598419965087e-03
254 594 -2.80293035850462e-03
254 593 -5.06299289104656e-03
254 592 1.52582270201760e-02
254 591 2.23884896422237e-03
254 590 -1.49627127466540e-02
254 589 4.84259269636451e-03
254 588 5.77826354241621e-03
254 336 -3.46904607877194e-03
254 337 -4.49861661733139e-03
254 338 -1.31129791824010e-03
254 339 -6.61778781144977e-04
254 340 -2.36939507056292e-03
254 341 2.22122812499384e-03
254 377 -5.59829605025238e-03
254 376 3.41348831569124e-03
254 375 6.66474583471209e-03
254 374 -5.41547115981333e-03
254 373 6.43952535940571e-03
254 372 -2.17118246932441e-03
254 371 7.13684681402692e-06
254 370 -6.75669915159993e-04
254 369 -1.05057785867706e-02
254 368 7.45385463634655e-03
254 367 -8.95424299958037e-03
254 366 3.90062767258361e-04
254 365 3.88730057863453e-03
254 364 -3.95883681552161e-03
254 363 8.42340944468644e-03
254 362 -5.42854390317031e-03
254 361 -2.05816225234340e-03
254 360 2.80184902808024e-03
254 359 5.36512635663400e-03
254 358 -1.54305831811492e-03
254 357 4.84259269636449e-03
254 356 -1.06208562387810e-02
254 355 2.23884896422221e-03
254 354 1.27238637824319e-02
254 353 -5.06299289104641e-03
254 352 -1.01952341291296e-02
254 351 3.03598419965065e-03
254 350 -2.33053841146092e-04
254 349 -7.87632221236027e-05
254 348 1.49750353665757e-03
254 264 -4.15965676957774e-04
254 265 -4.05018549413879e-03
254 266 3.58609054952270e-03
254 267 3.53905273741673e-03
254 268 -3.50814512866615e-03
254 269 1.92473435379919e-03
254 263 2.22122812499367e-03
254 262 -2.36939507056257e-03
254 261 -6.61778781145488e-04
254 260 -1.31129791824014e-03
254 259 -4.49861661733112e-03
254 258 -3.46904607877208e-03
254 257 5.48553037086677e-03
254 256 -7.93014006573907e-03
254 255 -5.15967127013380e-03
254 617 -5.59829605025289e-03
254 253 -1.11684697317645e-02
254 252 2.42771093727899e-03
254 60 1.92473435379932e-03
254 61 -3.50814512866614e-03
254 62 3.53905273741631e-03
254 63 3.58609054952260e-03
254 64 -4.05018549413861e-03
254 65 -4.15965676957867e-04
255 255 2.02098842208804e-02
255 616 -3.41348831569124e-03
255 615 -6.66474583471209e-03
255 614 5.41547115981334e-03
255 613 -6.43952535940572e-03
255 612 2.17118246932441e-03
255 611 -7.13684681402952e-06
255 610 6.75669915159993e-04
255 609 1.05057785867706e-02
255 608 -7.45385463634655e-03
255 607 8.95424299958038e-03
255 606 -3.90062767258362e-04
255 605 -3.88730057863453e-03
255 604 3.95883681552160e-03
255 603 -8.42340944468645e-03
255 602 5.42854390317032e-03
255 601 2.05816225234340e-03
255 600 -2.80184902808024e-03
255 599 -5.36512635663400e-03
255 598 1.54305831811492e-03
255 597 -4.84259269636449e-03
255 596 1.06208562387810e-02
255 595 -2.23884896422221e-03
255 594 -1.27238637824319e-02
255 593 5.06299289104640e-03
255 592 1.01952341291296e-02
255 591 -3.03598419965065e-03
255 590 2.33053841146097e-04
255 589 7.87632221235983e-05
255 588 -1.49750353665757e-03
255 336 4.15965676957776e-04
255 337 4.05018549413880e-03
255 338 -3.58609054952271e-03
255 339 -3.53905273741673e-03
255 340 3.50814512866616e-03
255 341 -1.92473435379920e-03
255 377 5.59829605025290e-03
255 376 -2.18480773456147e-03
255 375 -6.43952535940573e-03
255 374 4.26834289008143e-03
255 373 -6.66474583471260e-03
255 372 1.24927467489895e-03
255 371 8.95424299957957e-03
255 370 -8.56418023232123e-03
255 369 1.05057785867715e-02
255 368 -3.05192395042479e-03
255 367 -7.13684681289400e-06
255 366 -6.68533068346050e-04
255 365 -5.36512635663332e-03
255 364 3.82206803851852e-03
255 363 2.05816225234331e-03
255 362 7.43686775736939e-04
255 361 -8.42340944468702e-03
255 360 2.99486554151652e-03
255 359 -3.88730057863569e-03
255 358 -7.15362368869181e-05
255 357 7.87632221235369e-05
255 356 1.41874031453420e-03
255 355 -3.03598419965087e-03
255 354 2.80293035850461e-03
255 353 5.06299289104656e-03
255 352 -1.52582270201760e-02
255 351 -2.23884896422237e-03
255 350 1.49627127466540e-02
255 349 -4.84259269636451e-03
255 348 -5.77826354241621e-03
255 264 3.46904607877195e-03
255 265 4.49861661733139e-03
255 266 1.31129791824009e-03
255 267 6.61778781144978e-04
255 268 2.36939507056293e-03
255 269 -2.22122812499384e-03
255 263 -1.92473435379932e-03
255 262 3.50814512866615e-03
255 261 -3.53905273741631e-03
255 260 -3.58609054952260e-03
255 259 4.05018549413861e-03
255 258 4.15965676957870e-04
255 257 2.42771093727899e-03
255 256 -1.11684697317645e-02
255 617 5.59829605025239e-03
255 254 -5.15967127013380e-03
255 253 -7.93014006573906e-03
255 252 5.48553037086677e-03
255 60 -2.22122812499367e-03
255 61 2.36939507056257e-03
255 62 6.61778781145492e-04
255 63 1.31129791824014e-03
255 64 4.49861661733111e-03
255 65 3.46904607877208e-03
256 256 3.03646503227358e-02
256 616 -4.34851877526643e-03
256 615 -5.48073599440139e-03
256 614 3.69236325150268e-03
256 613 -1.15212655126644e-02
256 612 2.90507514354932e-03
256 611 3.54274804316446e-03
256 610 -5.39978524139463e-03
256 609 1.13188442155063e-02
256 608 -3.25919652099097e-03
256 607 9.49797839288373e-03
256 606 -3.17523276544562e-03
256 605 7.48816435323748e-03
256 604 -9.83991349627374e-03
256 603 1.16515891090061e-02
256 602 -6.42614339066225e-04
256 601 -1.58848356752731e-02
256 600 2.41829055564080e-03
256 599 -7.24554825753729e-03
256 598 2.17789015302339e-03
256 597 3.74189606261692e-03
256 596 -7.50492911908779e-03
256 595 1.24447695482163e-03
256 594 1.25019223446932e-02
256 593 -3.33498284745767e-03
256 592 -1.89263736488287e-02
256 591 4.40182128648239e-03
256 590 2.10912233187685e-02
256 589 -1.09864079452951e-03
256 588 -6.00763904647433e-03
256 336 5.93342190913939e-04
256 337 1.75617093854283e-03
256 338 2.53644413092594e-03
256 339 -3.94664737453953e-03
256 340 6.54597060392843e-03
256 341 -3.11718537766991e-03
256 377 7.86586845214673e-03
256 376 -3.51734967688040e-03
256 375 -1.15212655126650e-02
256 374 8.61619036911573e-03
256 373 -5.48073599440228e-03
256 372 1.78837274289889e-03
256 371 9.49797839288390e-03
256 370 -6.32274562743819e-03
256 369 1.13188442155062e-02
256 368 -8.05964769451545e-03
256 367 3.54274804316590e-03
256 366 1.85703719823000e-03
256 365 -7.24554825753718e-03
256 364 5.06765810451371e-03
256 363 -1.58848356752729e-02
256 362 1.34665451196324e-02
256 361 1.16515891090064e-02
256 360 -1.10089747699401e-02
256 359 7.48816435323733e-03
256 358 2.35174914303619e-03
256 357 -1.09864079452908e-03
256 356 7.10627984100378e-03
256 355 4.40182128648236e-03
256 354 -2.54930446052513e-02
256 353 -3.33498284745777e-03
256 352 2.22613564962865e-02
256 351 1.24447695482193e-03
256 350 -1.37463992995150e-02
256 349 3.74189606261678e-03
256 348 3.76303305647116e-03
256 264 -2.45836055982534e-03
256 265 -5.70282324651059e-03
256 266 -6.61151761914351e-03
256 267 -7.69004722831585e-04
256 268 1.29278793493356e-03
256 269 -2.45650998184468e-03
256 263 -3.11718537766997e-03
256 262 6.54597060392869e-03
256 261 -3.94664737453933e-03
256 260 2.53644413092579e-03
256 259 1.75617093854279e-03
256 258 5.93342190913918e-04
256 257 -1.16837539986272e-02
256 617 7.86586845214681e-03
256 255 -1.11684697317645e-02
256 254 -7.93014006573907e-03
256 253 1.30468442139941e-02
256 252 -5.13503872432642e-03
256 60 -2.45650998184464e-03
256 61 1.29278793493320e-03
256 62 -7.69004722831265e-04
256 63 -6.61151761914318e-03
256 64 -5.70282324651067e-03
256 65 -2.45836055982534e-03
257 257 1.32467664432576e-02
257 616 -1.19744765337834e-03
257 615 3.49160173827287e-03
257 614 -1.86621992236222e-03
257 613 -2.09664413113586e-03
257 612 1.53617939906925e-03
257 611 -2.81415281199753e-03
257 610 4.04048074296067e-03
257 609 -8.42368818814969e-03
257 608 2.37657787639589e-03
257 607 4.89048420056089e-03
257 606 -4.72271742370571e-04
257 605 -3.83332818661324e-03
257 604 5.28795975443495e-03
257 603 -5.24301739212620e-03
257 602 -1.24656919800935e-03
257 601 5.96032819396915e-03
257 600 1.71746420302569e-03
257 599 -5.96289159107901e-03
257 598 -2.16310763741649e-03
257 597 -9.15340161761597e-04
257 596 1.75300808010612e-03
257 595 -6.15772409680663e-04
257 594 -3.80108949287263e-03
257 593 1.44690330368881e-03
257 592 8.26214755254738e-03
257 591 -1.31672877217268e-03
257 590 -1.11836438277597e-02
257 589 4.47009002603177e-03
257 588 9.12453218904914e-03
257 336 -8.58018346594704e-04
257 337 -1.95507061944643e-03
257 338 4.16020447540260e-03
257 339 -4.43818005091567e-03
257 340 1.79686186531246e-03
257 341 -1.63503376119729e-04
257 377 8.34232008558779e-04
257 376 3.63215644819391e-04
257 375 -2.09664413113545e-03
257 374 5.60464732066127e-04
257 373 3.49160173827422e-03
257 372 -1.62538181591096e-03
257 371 4.89048420056078e-03
257 370 -4.41821245819033e-03
257 369 -8.42368818815024e-03
257 368 6.04711031175427e-03
257 367 -2.81415281199992e-03
257 366 -1.22632793096281e-03
257 365 -5.96289159107934e-03
257 364 8.12599922849587e-03
257 363 5.96032819396920e-03
257 362 -7.67779239699509e-03
257 361 -5.24301739212599e-03
257 360 6.48958659013563e-03
257 359 -3.83332818661188e-03
257 358 -1.45463156782196e-03
257 357 4.47009002603162e-03
257 356 -1.35946222150810e-02
257 355 -1.31672877217260e-03
257 354 1.25003725999327e-02
257 353 1.44690330368884e-03
257 352 -9.70905085623625e-03
257 351 -6.15772409680728e-04
257 350 4.41686190255298e-03
257 349 -9.15340161761614e-04
257 348 -8.37667918344571e-04
257 264 5.82753370092345e-04
257 265 2.59395878959484e-03
257 266 3.83498892892214e-03
257 267 1.53156160066865e-03
257 268 -9.17019532249952e-04
257 269 -3.00023946174683e-04
257 263 -1.63503376119549e-04
257 262 1.79686186531228e-03
257 261 -4.43818005091591e-03
257 260 4.16020447540272e-03
257 259 -1.95507061944634e-03
257 258 -8.58018346594779e-04
257 617 8.34232008559248e-04
257 256 -1.16837539986272e-02
257 255 2.42771093727899e-03
257 254 5.48553037086677e-03
257 253 -5.13503872432642e-03
257 252 1.48645417376694e-03
257 60 -3.00023946174927e-04
257 61 -9.17019532249233e-04
257 62 1.53156160066796e-03
257 63 3.83498892892174e-03
257 64 2.59395878959538e-03
257 65 5.82753370092195e-04
258 258 3.10950823593792e-02
258 556 -1.05118216774098e-02
258 555 -1.84296824861305e-02
258 554 1.60714183663401e-02
258 553 -1.43485930731554e-02
258 552 3.52915348126656e-03
258 551 1.35153605616776e-02
258 550 -1.23275926024423e-02
258 549 1.13572625942676e-02
258 548 -5.72799502685384e-03
258 547 8.34710689617609e-03
258 546 -6.29416145952783e-04
258 545 -5.41933311536298e-03
258 544 5.10553449426576e-03
258 543 -6.49768906656258e-03
258 542 3.66174648658802e-03
258 541 -5.49420289996115e-03
258 540 -8.96559725704519e-05
258 539 -1.77186085680335e-03
258 538 -7.32018951247473e-04
258 537 9.59487011062817e-04
258 536 -1.35528320858249e-03
258 535 1.20169498179387e-03
258 534 -2.50127328284326e-03
258 533 4.72461290231216e-04
258 532 3.86327018981667e-04
258 531 8.97875073203084e-04
258 530 2.38037741846596e-03
258 529 -1.80583201124094e-04
258 528 8.28732682466912e-04
258 335 2.64748439901238e-04
258 334 -1.72639105823415e-03
258 333 2.96405084350867e-03
258 332 3.81416510211411e-04
258 331 -5.32502502813586e-03
258 330 3.86562768743469e-03
258 312 -2.24122613178844e-04
258 313 -1.06662833740609e-03
258 314 -6.89245238805730e-04
258 315 7.77335971784191e-04
258 316 1.10030598389364e-03
258 317 2.42409366473145e-04
258 377 -3.74442803894471e-03
258 376 2.09433401602493e-03
258 375 1.23021859386685e-02
258 374 -1.07227697722736e-02
258 373 6.27960780096828e-03
258 372 9.97886499493250e-04
258 371 -2.95650382143285e-02
258 370 2.74844773989895e-02
258 369 1.36578654836371e-03
258 368 -6.81778900480546e-03
258 367 1.66974542728578e-02
258 366 -5.56997428842841e-04
258 365 4.31081055613670e-02
258 364 -4.12522928077754e-02
258 363 -1.55012480512654e-02
258 362 1.62718216279419e-02
258 361 -5.51252468875426e-03
258 360 -4.46720893726438e-03
258 359 1.31651609206973e-02
258 358 -1.29026839745534e-04
258 357 -3.42616559159453e-02
258 356 3.70983953680521e-02
258 355 1.14596742294182e-02
258 354 -1.74455802858640e-02
258 353 -1.49072637756924e-03
258 352 1.03896404519175e-02
258 351 -3.84967504309248e-03
258 350 -2.27064470161326e-03
258 349 4.43650475281285e-03
258 348 -1.91413445978507e-04
258 264 -1.54440240503993e-03
258 265 -5.12437967700901e-03
258 266 -8.53452798674945e-03
258 267 -7.37078276194956e-03
258 268 -2.11493690886813e-03
258 269 8.72309421700162e-04
258 263 3.78772673381759e-03
258 262 -1.24547148569926e-02
258 261 1.48926769453280e-02
258 260 2.73840810595673e-03
258 259 -2.80464923324247e-02
258 557 1.63909284346314e-02
258 257 -8.58018346594779e-04
258 256 5.93342190913918e-04
258 255 4.15965676957870e-04
258 254 -3.46904607877208e-03
258 253 2.45836055982534e-03
258 252 -5.82753370092195e-04
259 259 7.57842688913222e-02
259 556 9.91072372916047e-03
259 555 3.54504162689607e-02
259 554 -3.07523536492498e-02
259 553 1.68645936551763e-02
259 552 -3.85528941468640e-03
259 551 -3.06139564524973e-02
259 550 2.80222456498526e-02
259 549 -1.60134379716054e-02
259 548 5.37514631647631e-03
259 547 -6.75327944498298e-03
259 546 2.50221036493407e-03
259 545 1.65427919089634e-02
259 544 -1.60295747712577e-02
259 543 9.90536486441950e-03
259 542 -3.87169285448626e-03
259 541 6.60319556076608e-03
259 540 1.04865935911685e-04
259 539 -7.12719456799687e-04
259 538 -1.56488039236527e-03
259 537 -4.31511149891847e-03
259 536 6.34564119132864e-03
259 535 -1.50853001464243e-03
259 534 3.15737512027331e-03
259 533 -7.27719324689205e-04
259 532 -4.37476343962508e-04
259 531 -1.11454751849675e-03
259 530 -2.27471365208640e-03
259 529 1.05849407557408e-03
259 528 2.00639991506071e-03
259 335 4.05952175959742e-04
259 334 5.15118179631426e-04
259 333 -3.20239755330832e-03
259 332 8.33657638360845e-04
259 331 6.76229678001490e-03
259 330 -5.68257713825791e-03
259 312 1.31087013798414e-03
259 313 1.81677730406647e-03
259 314 1.06021077167236e-03
259 315 -1.03191112589433e-03
259 316 -7.25889423423561e-04
259 317 1.10030598389339e-03
259 377 1.93963674254804e-02
259 376 -1.10969089490157e-02
259 375 -4.25109161627034e-02
259 374 3.71531870839532e-02
259 373 -2.78682251751702e-02
259 372 6.40377906155050e-04
259 371 7.24375369794369e-02
259 370 -6.70553534213653e-02
259 369 1.17218777608604e-02
259 368 5.86674281376104e-03
259 367 -2.35049959671517e-02
259 366 5.97208670195999e-04
259 365 -8.74091148264932e-02
259 364 8.53325567001165e-02
259 363 6.93527786187254e-03
259 362 -1.68791115186863e-02
259 361 5.89228212038970e-03
259 360 6.08653143920779e-03
259 359 -1.02754236491928e-02
259 358 -4.71561555196665e-04
259 357 2.15410346300325e-02
259 356 -1.62719012763700e-02
259 355 -1.14457425588138e-02
259 354 -1.73135947667374e-03
259 353 1.13388632272593e-02
259 352 3.98426195507420e-04
259 351 -8.15751258746237e-03
259 350 -4.93901615306247e-03
259 349 9.79582417099928e-03
259 348 2.22424095852539e-03
259 264 -5.12437967700901e-03
259 265 2.33603934748990e-03
259 266 9.34235742154474e-03
259 267 1.49937538070467e-02
259 268 1.09175018888934e-02
259 269 -5.41993960288213e-03
259 263 -1.33218438588114e-02
259 262 3.30968919325967e-02
259 261 -2.53892332336274e-02
259 260 -1.99320677369949e-02
259 557 -1.84358501194926e-02
259 258 -2.80464923324247e-02
259 257 -1.95507061944634e-03
259 256 1.75617093854279e-03
259 255 4.05018549413861e-03
259 254 -4.49861661733112e-03
259 253 5.70282324651067e-03
259 252 -2.59395878959538e-03
260 260 5.82570731650034e-02
260 556 3.66002548300322e-04
260 555 -5.03371667663250e-03
260 554 2.11227440577435e-03
260 553 -1.09999188192397e-04
260 552 -1.28474082088721e-03
260 551 2.30573262271142e-02
260 550 -2.06954783021556e-02
260 549 1.91709205102414e-03
260 548 2.12545403340835e-03
260 547 -7.45175964084413e-03
260 546 1.17792660884707e-03
260 545 -1.89427345957185e-02
260 544 1.83231204461796e-02
260 543 2.10177911549321e-04
260 542 -3.83917603605109e-03
260 541 -1.13151184678259e-03
260 540 4.67139647799346e-03
260 539 3.91544600054696e-03
260 538 -1.28371927120208e-03
260 537 6.94302004999301e-03
260 536 -1.01069797441513e-02
260 535 -1.12049764605992e-03
260 534 1.98323761794103e-03
260 533 7.51420752440316e-04
260 532 -2.25422877676418e-03
260 531 2.47234034824009e-04
260 530 -3.05186838275722e-03
260 529 -1.20236850504833e-03
260 528 1.35976504837324e-03
260 335 -8.82967590029715e-04
260 334 1.97109183235978e-03
260 333 -1.02782133372709e-03
260 332 -3.28981077008705e-03
260 331 6.21273908222774e-04
260 330 9.06747601682188e-04
260 312 -2.29867192137613e-03
260 313 -2.98768243432059e-04
260 314 -3.89705348366679e-04
260 315 -1.36953770046424e-03
260 316 -1.03191112589463e-03
260 317 7.77335971784478e-04
260 377 -2.81111616672019e-02
260 376 1.76473634126311e-02
260 375 4.67090044231408e-02
260 374 -4.26462200013872e-02
260 373 4.77644273454308e-02
260 372 -5.82866866218417e-03
260 371 -5.28728356994438e-02
260 370 5.24871788812965e-02
260 369 -3.41589526416454e-02
260 368 1.02406773742235e-02
260 367 -1.19679507413465e-02
260 366 1.90422932048419e-03
260 365 -1.10924352602608e-02
260 364 1.51825522809752e-02
260 363 8.79269616939523e-03
260 362 -1.68389558152073e-02
260 361 3.17872912629877e-02
260 360 -2.17439793838003e-03
260 359 -2.85343637544063e-02
260 358 -4.85975668121787e-04
260 357 8.13704513560660e-03
260 356 -1.52824860838528e-02
260 355 -6.38420425386350e-03
260 354 4.44352842346182e-03
260 353 6.27074105786597e-03
260 352 4.61433510300677e-03
260 351 -9.72582873367667e-03
260 350 -8.70601815398286e-03
260 349 1.45825673382123e-02
260 348 4.43550355133698e-03
260 264 -8.53452798674958e-03
260 265 9.34235742154484e-03
260 266 1.47216653985413e-02
260 267 -8.79196550381651e-03
260 268 -2.04555523416033e-02
260 269 8.21146017983163e-03
260 263 1.50814723888837e-02
260 262 -2.37826479997802e-02
260 261 -4.24374133887094e-03
260 557 2.26502984645604e-03
260 259 -1.99320677369949e-02
260 258 2.73840810595673e-03
260 257 4.16020447540272e-03
260 256 2.53644413092579e-03
260 255 -3.58609054952260e-03
260 254 -1.31129791824014e-03
260 253 6.61151761914318e-03
260 252 -3.83498892892174e-03
261 261 5.88750666580107e-02
261 556 -6.53283009180047e-03
261 555 -1.69120057615143e-02
261 554 1.66731910335314e-02
261 553 -9.13917134628083e-03
261 552 1.47574834262012e-03
261 551 1.85376806512346e-02
261 550 -1.99892571898546e-02
261 549 8.52910398714866e-03
261 548 -1.58422421688995e-03
261 547 3.12952966671160e-03
261 546 -7.12011045167407e-04
261 545 1.39740511187382e-03
261 544 -7.36243914849475e-04
261 543 -2.78442484024550e-03
261 542 2.62043983117275e-03
261 541 -8.65264371536948e-03
261 540 3.71978784482286e-04
261 539 7.19481490256645e-03
261 538 1.81755411265187e-04
261 537 -1.87135752977193e-03
261 536 2.30160108689513e-03
261 535 1.86369212126896e-03
261 534 -2.64144539874613e-04
261 533 -1.64370478061731e-03
261 532 4.96023286388753e-04
261 531 2.58189082322595e-03
261 530 8.91919545453381e-04
261 529 -3.69865934882888e-03
261 528 -7.28949284069119e-04
261 335 -2.18964702202982e-03
261 334 2.45057408985098e-03
261 333 3.34219382104602e-03
261 332 -1.34038389548822e-03
261 331 -3.12495414748329e-03
261 330 2.82807762310962e-03
261 312 5.30718116666807e-04
261 313 8.32662869253749e-04
261 314 -4.59001629627416e-05
261 315 -3.89705348366837e-04
261 316 1.06021077167228e-03
261 317 -6.89245238805592e-04
261 377 -1.72656668742373e-02
261 376 2.59220470048785e-03
261 375 2.59421986863402e-02
261 374 -1.39224142954616e-02
261 373 -1.77686070558182e-03
261 372 2.25779339318031e-03
261 371 -7.43544989621486e-02
261 370 6.82522979375391e-02
261 369 -1.55017968993044e-02
261 368 -4.09595519582509e-03
261 367 4.49619004424412e-02
261 366 -2.95095905652204e-03
261 365 5.88221387662782e-02
261 364 -5.67665670482429e-02
261 363 -4.47315490936486e-04
261 362 7.32013932868793e-04
261 361 7.58788517859768e-03
261 360 -3.41139534818597e-03
261 359 -2.55579439222884e-02
261 358 4.73255697276626e-04
261 357 -2.05709466178384e-02
261 356 2.69011374146962e-02
261 355 3.29665892045875e-03
261 354 3.23869266738688e-03
261 353 -2.18511761626968e-03
261 352 5.72934121363005e-03
261 351 -2.57159879158506e-03
261 350 -9.94025772131222e-04
261 349 9.32974871632304e-03
261 348 2.08764108350698e-03
261 264 -7.37078276194970e-03
261 265 1.49937538070474e-02
261 266 -8.79196550381677e-03
261 267 -2.01888173108769e-02
261 268 7.82632818752121e-03
261 269 6.08517220505955e-03
261 263 8.53411414339518e-03
261 262 -3.05165807980684e-02
261 557 1.02767507965584e-02
261 260 -4.24374133887094e-03
261 259 -2.53892332336274e-02
261 258 1.48926769453280e-02
261 257 -4.43818005091591e-03
261 256 -3.94664737453933e-03
261 255 -3.53905273741631e-03
261 254 -6.61778781145488e-04
261 253 7.69004722831267e-04
261 252 -1.53156160066797e-03
262 262 8.11820222403662e-02
262 556 4.10862300099690e-03
262 555 1.52984288097434e-02
262 554 -1.46391306726033e-02
262 553 2.78882910432537e-03
262 552 7.29040080290864e-04
262 551 -2.59787836406897e-02
262 550 2.63245003371930e-02
262 549 -9.67259321213367e-04
262 548 -6.06514518043808e-03
262 547 3.82755304242778e-03
262 546 3.98679345915244e-04
262 545 3.00479125323514e-02
262 544 -3.18928650508925e-02
262 543 -2.82156206020985e-03
262 542 1.05925755066265e-02
262 541 -1.60504153688745e-03
262 540 -4.55476383262444e-03
262 539 3.24053521002405e-03
262 538 7.23991642715250e-04
262 537 -8.32235817679319e-03
262 536 1.04204998826009e-02
262 535 3.79356050380242e-03
262 534 -4.77448889357376e-03
262 533 -3.44700907566378e-03
262 532 1.36514707308699e-03
262 531 2.48588223178245e-03
262 530 2.38629537881362e-03
262 529 -3.14964591859459e-03
262 528 -1.27791187451160e-03
262 335 -1.69061477989643e-03
262 334 8.72261605524829e-04
262 333 2.01024453885634e-03
262 332 1.53567674656440e-03
262 331 6.33414993853911e-04
262 330 -1.81920186702648e-03
262 312 1.67282627971243e-03
262 313 -1.75281400861040e-03
262 314 8.32662869253685e-04
262 315 -2.98768243431987e-04
262 316 1.81677730406661e-03
262 317 -1.06662833740633e-03
262 377 7.34004166590553e-02
262 376 -3.28619330574139e-02
262 375 -1.10688606464559e-01
262 374 9.24299403666750e-02
262 373 -8.44395145885080e-02
262 372 1.18857084905285e-02
262 371 9.76279737591049e-02
262 370 -8.70020846753150e-02
262 369 5.55157045015589e-02
262 368 -2.51356650132228e-02
262 367 3.80048866971812e-02
262 366 -4.60491572849198e-03
262 365 -5.07213203545711e-02
262 364 4.77220775062355e-02
262 363 -3.32374805613718e-02
262 362 2.27672144977884e-02
262 361 -2.06865002531603e-02
262 360 4.80005225853849e-03
262 359 -6.98920968600676e-03
262 358 1.59317463645847e-03
262 357 1.25686327017172e-02
262 356 -1.54511327308025e-02
262 355 4.91534971511573e-03
262 354 -1.45126826421947e-02
262 353 1.74798710208397e-03
262 352 -6.57397826365403e-04
262 351 3.25520502653173e-03
262 350 3.39163815026189e-03
262 349 -6.60365053996851e-04
262 348 -1.64746571269248e-03
262 264 -2.11493690886784e-03
262 265 1.09175018888927e-02
262 266 -2.04555523416029e-02
262 267 7.82632818752114e-03
262 268 3.39483591328064e-02
262 269 -2.66239816780848e-02
262 263 -3.56742640435022e-02
262 557 -6.89917277941108e-03
262 261 -3.05165807980684e-02
262 260 -2.37826479997802e-02
262 259 3.30968919325967e-02
262 258 -1.24547148569926e-02
262 257 1.79686186531228e-03
262 256 6.54597060392869e-03
262 255 3.50814512866615e-03
262 254 -2.36939507056257e-03
262 253 -1.29278793493320e-03
262 252 9.17019532249232e-04
263 263 2.87253062010821e-02
263 556 -8.43312974981232e-04
263 555 -4.61375470092251e-03
263 554 4.51032731583974e-03
263 553 4.19253079810912e-04
263 552 -8.06495717937469e-04
263 551 1.09854012632206e-02
263 550 -1.12052407469940e-02
263 549 -1.69453152844099e-03
263 548 4.43607418793863e-03
263 547 -2.71634700169670e-03
263 546 -2.29803628211058e-04
263 545 -1.52405543101974e-02
263 544 1.58879245427241e-02
263 543 5.13946302707272e-03
263 542 -8.06113893485123e-03
263 541 1.40432076971899e-03
263 540 3.58470171492262e-03
263 539 -3.56590636968663e-03
263 538 -5.13144902997364e-04
263 537 1.13666705048159e-02
263 536 -1.45551613778916e-02
263 535 -3.68171681006426e-03
263 534 9.37638061267641e-03
263 533 4.31894216039367e-04
263 532 -5.45668373355501e-03
263 531 1.19408154657561e-03
263 530 1.11765536280708e-03
263 529 -1.29059697743456e-03
263 528 1.49307484196275e-04
263 335 -4.17000446045773e-04
263 334 -1.47461835399262e-03
263 333 -1.66311620261153e-03
263 332 -6.14951532572817e-04
263 331 3.32541475041117e-04
263 330 3.23570825114608e-04
263 312 -1.61448673400462e-03
263 313 1.67282627971246e-03
263 314 5.30718116666837e-04
263 315 -2.29867192137622e-03
263 316 1.31087013798407e-03
263 317 -2.24122613178747e-04
263 377 -5.01826204412482e-02
263 376 2.81688161843054e-02
263 375 5.93683892324342e-02
263 374 -4.90299965092869e-02
263 373 5.28844703704252e-02
263 372 -1.03722961088792e-02
263 371 -4.39495988807144e-02
263 370 3.91313573773160e-02
263 369 -3.97645756081130e-02
263 368 1.96959442790042e-02
263 367 -3.09908093625745e-02
263 366 2.89854191625170e-03
263 365 1.72016072860737e-02
263 364 -1.58072915995042e-02
263 363 2.15117192543601e-02
263 362 -1.53868918870037e-02
263 361 1.80769657911378e-02
263 360 -3.85760211385169e-03
263 359 6.93342143907738e-03
263 358 5.56375398683174e-04
263 357 -2.92235150886107e-03
263 356 3.28710999092002e-03
263 355 -3.81462520175667e-03
263 354 8.55975912383011e-03
263 353 -1.17251800937691e-03
263 352 -9.04965616609705e-05
263 351 -2.61309456446009e-03
263 350 -4.71543546581872e-03
263 349 4.14327632235257e-04
263 348 -1.14461847211938e-03
263 264 8.72309421700115e-04
263 265 -5.41993960288202e-03
263 266 8.21146017983142e-03
263 267 6.08517220505976e-03
263 268 -2.66239816780848e-02
263 269 1.69027745688130e-02
263 557 1.41944668806402e-03
263 262 -3.56742640435022e-02
263 261 8.53411414339518e-03
263 260 1.50814723888837e-02
263 259 -1.33218438588114e-02
263 258 3.78772673381759e-03
263 257 -1.63503376119549e-04
263 256 -3.11718537766997e-03
263 255 -1.92473435379932e-03
263 254 2.22122812499367e-03
263 253 2.45650998184464e-03
263 252 3.00023946174927e-04
264 264 3.10950823593793e-02
264 586 -5.87910675722154e-03
264 585 -1.43485930731555e-02
264 584 1.08194395918889e-02
264 583 -1.84296824861302e-02
264 582 2.35826411979034e-03
264 581 8.34710689617611e-03
264 580 -7.71769075022328e-03
264 579 1.13572625942675e-02
264 578 -5.62926756741382e-03
264 577 1.35153605616774e-02
264 576 -1.18776795923520e-03
264 575 -1.77186085680331e-03
264 574 2.50387980805071e-03
264 573 -5.49420289996111e-03
264 572 5.58385887253164e-03
264 571 -6.49768906656255e-03
264 570 2.83594257997459e-03
264 569 -5.41933311536294e-03
264 568 3.13798621097145e-04
264 567 -1.80583201124080e-04
264 566 -6.48149481342684e-04
264 565 8.97875073203130e-04
264 564 -3.27825249166916e-03
264 563 4.72461290231218e-04
264 562 -8.58788309212973e-04
264 561 1.20169498179390e-03
264 560 1.29957830104933e-03
264 559 9.59487011062768e-04
264 558 3.95796197519782e-04
264 318 3.86562768743469e-03
264 319 -5.32502502813587e-03
264 320 3.81416510211359e-04
264 321 2.96405084350873e-03
264 322 -1.72639105823418e-03
264 323 2.64748439901247e-04
264 311 2.42409366473072e-04
264 310 1.10030598389366e-03
264 309 7.77335971784256e-04
264 308 -6.89245238805696e-04
264 307 -1.06662833740609e-03
264 306 -2.24122613178888e-04
264 377 -3.74442803894456e-03
264 376 1.65009402291978e-03
264 375 6.27960780096746e-03
264 374 -7.27749430046087e-03
264 373 1.23021859386678e-02
264 372 -1.57941616639495e-03
264 371 1.66974542728586e-02
264 370 -1.61404568440157e-02
264 369 1.36578654836430e-03
264 368 5.45200245644170e-03
264 367 -2.95650382143288e-02
264 366 2.08056081533904e-03
264 365 1.31651609206972e-02
264 364 -1.30361340809515e-02
264 363 -5.51252468875391e-03
264 362 9.97973362601840e-03
264 361 -1.55012480512658e-02
264 360 -7.70573576676439e-04
264 359 4.31081055613678e-02
264 358 -1.85581275359162e-03
264 357 4.43650475281260e-03
264 356 -4.24509130683453e-03
264 355 -3.84967504309238e-03
264 354 6.12031974470581e-03
264 353 -1.49072637756933e-03
264 352 -8.89891407434811e-03
264 351 1.14596742294183e-02
264 350 5.98590605644572e-03
264 349 -3.42616559159451e-02
264 348 -2.83673945210680e-03
264 587 1.63909284346313e-02
264 265 -2.80464923324251e-02
264 266 2.73840810595667e-03
264 267 1.48926769453284e-02
264 268 -1.24547148569923e-02
264 269 3.78772673381746e-03
264 263 8.72309421700115e-04
264 262 -2.11493690886784e-03
264 261 -7.37078276194970e-03
264 260 -8.53452798674958e-03
264 259 -5.12437967700901e-03
264 258 -1.54440240503993e-03
264 257 5.82753370092345e-04
264 256 -2.45836055982534e-03
264 255 3.46904607877195e-03
264 254 -4.15965676957774e-04
264 253 -5.93342190913945e-04
264 252 8.58018346594707e-04
265 265 7.57842688913231e-02
265 586 8.52512639033206e-03
265 585 1.68645936551763e-02
265 584 -1.30093042404898e-02
265 583 3.54504162689601e-02
265 582 -4.69806261971087e-03
265 581 -6.75327944498309e-03
265 580 4.25106908004886e-03
265 579 -1.60134379716048e-02
265 578 1.06382916551290e-02
265 577 -3.06139564524972e-02
265 576 2.59171080264461e-03
265 575 -7.12719456799472e-04
265 574 2.27759984916503e-03
265 573 6.60319556076586e-03
265 572 -6.70806149667790e-03
265 571 9.90536486441946e-03
265 570 -6.03367200993322e-03
265 569 1.65427919089633e-02
265 568 -5.13217137705616e-04
265 567 1.05849407557394e-03
265 566 -3.06489399063516e-03
265 565 -1.11454751849681e-03
265 564 3.38926117058372e-03
265 563 -7.27719324689147e-04
265 562 1.16519566865169e-03
265 561 -1.50853001464254e-03
265 560 -1.64884510563080e-03
265 559 -4.31511149891833e-03
265 558 -2.03052969241024e-03
265 318 -5.68257713825787e-03
265 319 6.76229678001486e-03
265 320 8.33657638360820e-04
265 321 -3.20239755330841e-03
265 322 5.15118179631632e-04
265 323 4.05952175959651e-04
265 311 1.10030598389368e-03
265 310 -7.25889423423765e-04
265 309 -1.03191112589450e-03
265 308 1.06021077167243e-03
265 307 1.81677730406643e-03
265 306 1.31087013798415e-03
265 377 1.93963674254802e-02
265 376 -8.29945847646481e-03
265 375 -2.78682251751690e-02
265 374 2.72278472690142e-02
265 373 -4.25109161627024e-02
265 372 5.35772907875035e-03
265 371 -2.35049959671534e-02
265 370 2.29077872969574e-02
265 369 1.17218777608592e-02
265 368 -1.75886205746215e-02
265 367 7.24375369794384e-02
265 366 -5.38218355807161e-03
265 365 -1.02754236491919e-02
265 364 1.07469852043884e-02
265 363 5.89228212039004e-03
265 362 -1.19788135595974e-02
265 361 6.93527786187255e-03
265 360 9.94383365681400e-03
265 359 -8.74091148264959e-02
265 358 2.07655812637702e-03
265 357 9.79582417099955e-03
265 356 -1.20200651295238e-02
265 355 -8.15751258746240e-03
265 354 1.30965287405244e-02
265 353 1.13388632272594e-02
265 352 -1.17372894227668e-02
265 351 -1.14457425588139e-02
265 350 1.31771020354878e-02
265 349 2.15410346300328e-02
265 348 -5.26913335366254e-03
265 264 -2.80464923324251e-02
265 587 -1.84358501194924e-02
265 266 -1.99320677369948e-02
265 267 -2.53892332336286e-02
265 268 3.30968919325965e-02
265 269 -1.33218438588113e-02
265 263 -5.41993960288202e-03
265 262 1.09175018888927e-02
265 261 1.49937538070474e-02
265 260 9.34235742154484e-03
265 259 2.33603934748990e-03
265 258 -5.12437967700901e-03
265 257 2.59395878959484e-03
265 256 -5.70282324651059e-03
265 255 4.49861661733139e-03
265 254 -4.05018549413879e-03
265 253 -1.75617093854282e-03
265 252 1.95507061944643e-03
266 266 5.82570731650039e-02
266 586 -2.63103239475649e-03
266 585 -1.09999188192200e-04
266 584 1.39474000907936e-03
266 583 -5.03371667663265e-03
266 582 2.92144227085826e-03
266 581 -7.45175964084432e-03
266 580 6.27383303199741e-03
266 579 1.91709205102409e-03
266 578 -4.04254608443282e-03
266 577 2.30573262271150e-02
266 576 -2.36184792495859e-03
266 575 3.91544600054690e-03
266 574 -2.63172672934503e-03
266 573 -1.13151184678256e-03
266 572 -3.53988463121057e-03
266 571 2.10177911549240e-04
266 570 3.62899812450194e-03
266 569 -1.89427345957192e-02
266 568 6.19614149538927e-04
266 567 -1.20236850504826e-03
266 566 -1.57396543324545e-04
266 565 2.47234034824003e-04
266 564 2.80463434793282e-03
266 563 7.51420752440305e-04
266 562 1.50280802432386e-03
266 561 -1.12049764605988e-03
266 560 -8.62739971881172e-04
266 559 6.94302004999303e-03
266 558 3.16395969415841e-03
266 318 9.06747601682220e-04
266 319 6.21273908222885e-04
266 320 -3.28981077008707e-03
266 321 -1.02782133372713e-03
266 322 1.97109183235973e-03
266 323 -8.82967590029729e-04
266 311 7.77335971784261e-04
266 310 -1.03191112589450e-03
266 309 -1.36953770046410e-03
266 308 -3.89705348366745e-04
266 307 -2.98768243432039e-04
266 306 -2.29867192137615e-03
266 377 -2.81111616672012e-02
266 376 1.04637982545705e-02
266 375 4.77644273454302e-02
266 374 -4.19357586832462e-02
266 373 4.67090044231403e-02
266 372 -4.06278442175366e-03
266 371 -1.19679507413460e-02
266 370 1.00637214208617e-02
266 369 -3.41589526416440e-02
266 368 2.39182752674216e-02
266 367 -5.28728356994443e-02
266 366 3.85656818147219e-04
266 365 -2.85343637544067e-02
266 364 2.90203394225286e-02
266 363 3.17872912629869e-02
266 362 -2.96128933246075e-02
266 361 8.79269616939512e-03
266 360 8.04625964581217e-03
266 359 -1.10924352602614e-02
266 358 -4.09011702071422e-03
266 357 1.45825673382119e-02
266 356 -1.90180708895496e-02
266 355 -9.72582873367678e-03
266 354 1.84318468876602e-02
266 353 6.27074105786622e-03
266 352 -1.08850761608731e-02
266 351 -6.38420425386385e-03
266 350 1.94067583040202e-03
266 349 8.13704513560686e-03
266 348 7.14544094824592e-03
266 264 2.73840810595667e-03
266 265 -1.99320677369948e-02
266 587 2.26502984645620e-03
266 267 -4.24374133887053e-03
266 268 -2.37826479997803e-02
266 269 1.50814723888836e-02
266 263 8.21146017983142e-03
266 262 -2.04555523416029e-02
266 261 -8.79196550381677e-03
266 260 1.47216653985413e-02
266 259 9.34235742154474e-03
266 258 -8.53452798674945e-03
266 257 3.83498892892214e-03
266 256 -6.61151761914351e-03
266 255 1.31129791824009e-03
266 254 3.58609054952270e-03
266 253 -2.53644413092594e-03
266 252 -4.16020447540260e-03
267 267 5.88750666580121e-02
267 586 -3.74392070475784e-03
267 585 -9.13917134628052e-03
267 584 7.66342300366045e-03
267 583 -1.69120057615142e-02
267 582 2.38814727982941e-04
