0 251 0 251
0 0 6.62338322162874e-03
0 100 1.19744765337834e-03
0 99 -3.49160173827287e-03
0 98 1.86621992236222e-03
0 97 2.09664413113586e-03
0 96 -1.53617939906925e-03
0 95 2.81415281199753e-03
0 94 -4.04048074296068e-03
0 93 8.42368818814969e-03
0 92 -2.37657787639589e-03
0 91 -4.89048420056089e-03
0 90 4.72271742370570e-04
0 89 3.83332818661324e-03
0 88 -5.28795975443496e-03
0 87 5.24301739212620e-03
0 86 1.24656919800935e-03
0 85 -5.96032819396915e-03
0 84 -1.71746420302569e-03
0 83 5.96289159107901e-03
0 82 2.16310763741649e-03
0 81 9.15340161761597e-04
0 80 -1.75300808010612e-03
0 79 6.15772409680664e-04
0 78 3.80108949287263e-03
0 77 -1.44690330368881e-03
0 76 -8.26214755254737e-03
0 75 1.31672877217269e-03
0 74 1.11836438277597e-02
0 73 -4.47009002603177e-03
0 72 -9.12453218904914e-03
0 12 8.58018346594706e-04
0 13 1.95507061944643e-03
0 14 -4.16020447540260e-03
0 15 4.43818005091567e-03
0 16 -1.79686186531246e-03
0 17 1.63503376119729e-04
0 11 3.00023946174927e-04
0 10 9.17019532249231e-04
0 9 -1.53156160066797e-03
0 8 -3.83498892892174e-03
0 7 -2.59395878959538e-03
0 6 -5.82753370092195e-04
0 5 7.43227086883472e-04
0 4 -2.56751936216327e-03
0 3 2.74276518543330e-03
0 2 1.21385546863954e-03
0 1 -5.84187699931356e-03
0 101 -8.34232008559247e-04
1 1 1.51823251613678e-02
1 100 4.34851877526642e-03
1 99 5.48073599440139e-03
1 98 -3.69236325150268e-03
1 97 1.15212655126644e-02
1 96 -2.90507514354932e-03
1 95 -3.54274804316447e-03
1 94 5.39978524139463e-03
1 93 -1.13188442155063e-02
1 92 3.25919652099097e-03
1 91 -9.49797839288372e-03
1 90 3.17523276544562e-03
1 89 -7.48816435323749e-03
1 88 9.83991349627374e-03
1 87 -1.16515891090061e-02
1 86 6.42614339066220e-04
1 85 1.58848356752731e-02
1 84 -2.41829055564079e-03
1 83 7.24554825753727e-03
1 82 -2.17789015302339e-03
1 81 -3.74189606261691e-03
1 80 7.50492911908779e-03
1 79 -1.24447695482163e-03
1 78 -1.25019223446932e-02
1 77 3.33498284745767e-03
1 76 1.89263736488287e-02
1 75 -4.40182128648240e-03
1 74 -2.10912233187685e-02
1 73 1.09864079452951e-03
1 72 6.00763904647434e-03
1 12 -5.93342190913944e-04
1 13 -1.75617093854282e-03
1 14 -2.53644413092594e-03
1 15 3.94664737453953e-03
1 16 -6.54597060392843e-03
1 17 3.11718537766991e-03
1 11 2.45650998184464e-03
1 10 -1.29278793493320e-03
1 9 7.69004722831269e-04
1 8 6.61151761914318e-03
1 7 5.70282324651067e-03
1 6 2.45836055982534e-03
1 5 -2.56751936216315e-03
1 4 6.52342210699707e-03
1 3 -3.96507003286950e-03
1 2 -5.58423486588227e-03
1 101 -7.86586845214681e-03
1 0 -5.84187699931356e-03
2 2 1.01049421104402e-02
2 100 3.41348831569124e-03
2 99 6.66474583471209e-03
2 98 -5.41547115981333e-03
2 97 6.43952535940571e-03
2 96 -2.17118246932441e-03
2 95 7.13684681402605e-06
2 94 -6.75669915159992e-04
2 93 -1.05057785867706e-02
2 92 7.45385463634655e-03
2 91 -8.95424299958037e-03
2 90 3.90062767258362e-04
2 89 3.88730057863454e-03
2 88 -3.95883681552162e-03
2 87 8.42340944468644e-03
2 86 -5.42854390317031e-03
2 85 -2.05816225234340e-03
2 84 2.80184902808024e-03
2 83 5.36512635663400e-03
2 82 -1.54305831811492e-03
2 81 4.84259269636449e-03
2 80 -1.06208562387810e-02
2 79 2.23884896422221e-03
2 78 1.27238637824319e-02
2 77 -5.06299289104641e-03
2 76 -1.01952341291296e-02
2 75 3.03598419965065e-03
2 74 -2.33053841146092e-04
2 73 -7.87632221236027e-05
2 72 1.49750353665757e-03
2 12 -4.15965676957774e-04
2 13 -4.05018549413879e-03
2 14 3.58609054952270e-03
2 15 3.53905273741673e-03
2 16 -3.50814512866615e-03
2 17 1.92473435379919e-03
2 11 2.22122812499367e-03
2 10 -2.36939507056257e-03
2 9 -6.61778781145488e-04
2 8 -1.31129791824014e-03
2 7 -4.49861661733112e-03
2 6 -3.46904607877208e-03
2 5 2.74276518543347e-03
2 4 -3.96507003286957e-03
2 3 -2.57983563506690e-03
2 101 -5.59829605025239e-03
2 1 -5.58423486588227e-03
2 0 1.21385546863954e-03
3 3 1.01049421104402e-02
3 100 -2.18480773456147e-03
3 99 -6.43952535940573e-03
3 98 4.26834289008143e-03
3 97 -6.66474583471260e-03
3 96 1.24927467489895e-03
3 95 8.95424299957957e-03
3 94 -8.56418023232124e-03
3 93 1.05057785867715e-02
3 92 -3.05192395042480e-03
3 91 -7.13684681289314e-06
3 90 -6.68533068346050e-04
3 89 -5.36512635663332e-03
3 88 3.82206803851852e-03
3 87 2.05816225234332e-03
3 86 7.43686775736939e-04
3 85 -8.42340944468703e-03
3 84 2.99486554151652e-03
3 83 -3.88730057863569e-03
3 82 -7.15362368869183e-05
3 81 7.87632221235365e-05
3 80 1.41874031453420e-03
3 79 -3.03598419965087e-03
3 78 2.80293035850462e-03
3 77 5.06299289104656e-03
3 76 -1.52582270201760e-02
3 75 -2.23884896422237e-03
3 74 1.49627127466540e-02
3 73 -4.84259269636451e-03
3 72 -5.77826354241621e-03
3 12 3.46904607877195e-03
3 13 4.49861661733139e-03
3 14 1.31129791824010e-03
3 15 6.61778781144977e-04
3 16 2.36939507056293e-03
3 17 -2.22122812499384e-03
3 11 -1.92473435379932e-03
3 10 3.50814512866615e-03
3 9 -3.53905273741631e-03
3 8 -3.58609054952260e-03
3 7 4.05018549413861e-03
3 6 4.15965676957870e-04
3 5 1.21385546863945e-03
3 4 -5.58423486588224e-03
3 101 5.59829605025290e-03
3 2 -2.57983563506690e-03
3 1 -3.96507003286950e-03
3 0 2.74276518543330e-03
4 4 1.51823251613680e-02
4 100 -3.51734967688040e-03
4 99 -1.15212655126650e-02
4 98 8.61619036911573e-03
4 97 -5.48073599440228e-03
4 96 1.78837274289889e-03
4 95 9.49797839288391e-03
4 94 -6.32274562743819e-03
4 93 1.13188442155062e-02
4 92 -8.05964769451545e-03
4 91 3.54274804316590e-03
4 90 1.85703719823000e-03
4 89 -7.24554825753719e-03
4 88 5.06765810451371e-03
4 87 -1.58848356752729e-02
4 86 1.34665451196324e-02
4 85 1.16515891090064e-02
4 84 -1.10089747699401e-02
4 83 7.48816435323732e-03
4 82 2.35174914303619e-03
4 81 -1.09864079452908e-03
4 80 7.10627984100377e-03
4 79 4.40182128648236e-03
4 78 -2.54930446052513e-02
4 77 -3.33498284745777e-03
4 76 2.22613564962865e-02
4 75 1.24447695482193e-03
4 74 -1.37463992995150e-02
4 73 3.74189606261678e-03
4 72 3.76303305647116e-03
4 12 -2.45836055982534e-03
4 13 -5.70282324651059e-03
4 14 -6.61151761914351e-03
4 15 -7.69004722831585e-04
4 16 1.29278793493356e-03
4 17 -2.45650998184468e-03
4 11 -3.11718537766997e-03
4 10 6.54597060392869e-03
4 9 -3.94664737453933e-03
4 8 2.53644413092579e-03
4 7 1.75617093854279e-03
4 6 5.93342190913917e-04
4 5 -5.84187699931368e-03
4 101 7.86586845214673e-03
4 3 -5.58423486588224e-03
4 2 -3.96507003286957e-03
4 1 6.52342210699707e-03
4 0 -2.56751936216327e-03
5 5 6.62338322162883e-03
5 100 3.63215644819391e-04
5 99 -2.09664413113545e-03
5 98 5.60464732066125e-04
5 97 3.49160173827423e-03
5 96 -1.62538181591096e-03
5 95 4.89048420056078e-03
5 94 -4.41821245819033e-03
5 93 -8.42368818815024e-03
5 92 6.04711031175427e-03
5 91 -2.81415281199992e-03
5 90 -1.22632793096281e-03
5 89 -5.96289159107934e-03
5 88 8.12599922849587e-03
5 87 5.96032819396920e-03
5 86 -7.67779239699509e-03
5 85 -5.24301739212599e-03
5 84 6.48958659013563e-03
5 83 -3.83332818661188e-03
5 82 -1.45463156782196e-03
5 81 4.47009002603162e-03
5 80 -1.35946222150810e-02
5 79 -1.31672877217260e-03
5 78 1.25003725999327e-02
5 77 1.44690330368884e-03
5 76 -9.70905085623625e-03
5 75 -6.15772409680728e-04
5 74 4.41686190255298e-03
5 73 -9.15340161761613e-04
5 72 -8.37667918344571e-04
5 12 5.82753370092345e-04
5 13 2.59395878959484e-03
5 14 3.83498892892214e-03
5 15 1.53156160066865e-03
5 16 -9.17019532249953e-04
5 17 -3.00023946174683e-04
5 11 -1.63503376119549e-04
5 10 1.79686186531228e-03
5 9 -4.43818005091591e-03
5 8 4.16020447540272e-03
5 7 -1.95507061944634e-03
5 6 -8.58018346594779e-04
5 101 8.34232008558778e-04
5 4 -5.84187699931368e-03
5 3 1.21385546863945e-03
5 2 2.74276518543347e-03
5 1 -2.56751936216315e-03
5 0 7.43227086883472e-04
6 6 3.10950823593792e-02
6 7 -2.80464923324246e-02
6 8 2.73840810595677e-03
6 9 1.48926769453280e-02
6 10 -1.24547148569926e-02
6 11 3.78772673381755e-03
6 100 2.09433401602493e-03
6 99 1.23021859386685e-02
6 98 -1.07227697722736e-02
6 97 6.27960780096828e-03
6 96 9.97886499493250e-04
6 95 -2.95650382143285e-02
6 94 2.74844773989895e-02
6 93 1.36578654836371e-03
6 92 -6.81778900480546e-03
6 91 1.66974542728578e-02
6 90 -5.56997428842842e-04
6 89 4.31081055613670e-02
6 88 -4.12522928077754e-02
6 87 -1.55012480512654e-02
6 86 1.62718216279419e-02
6 85 -5.51252468875426e-03
6 84 -4.46720893726438e-03
6 83 1.31651609206973e-02
6 82 -1.29026839745534e-04
6 81 -3.42616559159453e-02
6 80 3.70983953680521e-02
6 79 1.14596742294182e-02
6 78 -1.74455802858640e-02
6 77 -1.49072637756924e-03
6 76 1.03896404519175e-02
6 75 -3.84967504309248e-03
6 74 -2.27064470161326e-03
6 73 4.43650475281285e-03
6 72 -1.91413445978506e-04
6 12 -1.54440240503993e-03
6 13 -5.12437967700900e-03
6 14 -8.53452798674945e-03
6 15 -7.37078276194957e-03
6 16 -2.11493690886813e-03
6 17 8.72309421700161e-04
6 101 -3.74442803894471e-03
6 5 -8.58018346594779e-04
6 4 5.93342190913917e-04
6 3 4.15965676957870e-04
6 2 -3.46904607877208e-03
6 1 2.45836055982534e-03
6 0 -5.82753370092195e-04
6 646 -1.80583201124025e-04
6 645 2.50387980805106e-03
6 644 -1.77186085680365e-03
6 643 -3.27825249166917e-03
6 642 8.97875073203105e-04
6 641 -7.71769075022350e-03
6 640 8.34710689617632e-03
6 639 5.58385887253151e-03
6 638 -5.49420289996101e-03
6 637 -8.58788309212897e-04
6 636 4.72461290231196e-04
6 635 1.08194395918890e-02
6 634 -1.43485930731555e-02
6 633 -5.62926756741372e-03
6 632 1.13572625942675e-02
6 631 2.83594257997457e-03
6 630 -6.49768906656267e-03
6 629 1.29957830104946e-03
6 628 1.20169498179394e-03
6 627 -5.87910675722156e-03
6 626 1.63909284346314e-02
6 625 2.35826411979035e-03
6 624 -1.84296824861303e-02
6 623 -1.18776795923527e-03
6 622 1.35153605616776e-02
6 621 3.13798621097243e-04
6 620 -5.41933311536294e-03
6 619 3.95796197519647e-04
6 618 9.59487011062704e-04
6 341 2.24122613178809e-04
6 340 1.06662833740610e-03
6 339 6.89245238805792e-04
6 338 -7.77335971784260e-04
6 337 -1.10030598389368e-03
6 336 -2.42409366473072e-04
6 342 -2.64748439901319e-04
6 343 1.72639105823434e-03
6 344 -2.96405084350873e-03
6 345 -3.81416510211476e-04
6 346 5.32502502813589e-03
6 347 -3.86562768743471e-03
6 647 -6.48149481342780e-04
7 7 7.57842688913220e-02
7 6 -2.80464923324246e-02
7 8 -1.99320677369950e-02
7 9 -2.53892332336274e-02
7 10 3.30968919325967e-02
7 11 -1.33218438588114e-02
7 100 -1.10969089490157e-02
7 99 -4.25109161627034e-02
7 98 3.71531870839532e-02
7 97 -2.78682251751702e-02
7 96 6.40377906155050e-04
7 95 7.24375369794369e-02
7 94 -6.70553534213653e-02
7 93 1.17218777608604e-02
7 92 5.86674281376103e-03
7 91 -2.35049959671517e-02
7 90 5.97208670195999e-04
7 89 -8.74091148264932e-02
7 88 8.53325567001165e-02
7 87 6.93527786187255e-03
7 86 -1.68791115186863e-02
7 85 5.89228212038970e-03
7 84 6.08653143920779e-03
7 83 -1.02754236491928e-02
7 82 -4.71561555196665e-04
7 81 2.15410346300325e-02
7 80 -1.62719012763700e-02
7 79 -1.14457425588138e-02
7 78 -1.73135947667374e-03
7 77 1.13388632272593e-02
7 76 3.98426195507419e-04
7 75 -8.15751258746237e-03
7 74 -4.93901615306247e-03
7 73 9.79582417099928e-03
7 72 2.22424095852539e-03
7 12 -5.12437967700901e-03
7 13 2.33603934748990e-03
7 14 9.34235742154475e-03
7 15 1.49937538070467e-02
7 16 1.09175018888934e-02
7 17 -5.41993960288213e-03
7 101 1.93963674254804e-02
7 5 -1.95507061944634e-03
7 4 1.75617093854279e-03
7 3 4.05018549413861e-03
7 2 -4.49861661733112e-03
7 1 5.70282324651067e-03
7 0 -2.59395878959538e-03
7 646 1.05849407557383e-03
7 645 2.27759984916442e-03
7 644 -7.12719456798901e-04
7 643 3.38926117058365e-03
7 642 -1.11454751849678e-03
7 641 4.25106908004965e-03
7 640 -6.75327944498387e-03
7 639 -6.70806149667775e-03
7 638 6.60319556076582e-03
7 637 1.16519566865171e-03
7 636 -7.27719324689155e-04
7 635 -1.30093042404903e-02
7 634 1.68645936551768e-02
7 633 1.06382916551287e-02
7 632 -1.60134379716048e-02
7 631 -6.03367200993311e-03
7 630 9.90536486441949e-03
7 629 -1.64884510563095e-03
7 628 -1.50853001464260e-03
7 627 8.52512639033213e-03
7 626 -1.84358501194926e-02
7 625 -4.69806261971088e-03
7 624 3.54504162689602e-02
7 623 2.59171080264465e-03
7 622 -3.06139564524973e-02
7 621 -5.13217137705662e-04
7 620 1.65427919089633e-02
7 619 -2.03052969241019e-03
7 618 -4.31511149891831e-03
7 341 -1.31087013798408e-03
7 340 -1.81677730406651e-03
7 339 -1.06021077167247e-03
7 338 1.03191112589450e-03
7 337 7.25889423423765e-04
7 336 -1.10030598389365e-03
7 342 -4.05952175959500e-04
7 343 -5.15118179631956e-04
7 344 3.20239755330860e-03
7 345 -8.33657638360634e-04
7 346 -6.76229678001513e-03
7 347 5.68257713825795e-03
7 647 -3.06489399063495e-03
8 8 5.82570731650037e-02
8 6 2.73840810595677e-03
8 7 -1.99320677369950e-02
8 9 -4.24374133887089e-03
8 10 -2.37826479997805e-02
8 11 1.50814723888839e-02
8 100 1.76473634126312e-02
8 99 4.67090044231409e-02
8 98 -4.26462200013872e-02
8 97 4.77644273454308e-02
8 96 -5.82866866218418e-03
8 95 -5.28728356994438e-02
8 94 5.24871788812966e-02
8 93 -3.41589526416454e-02
8 92 1.02406773742235e-02
8 91 -1.19679507413465e-02
8 90 1.90422932048419e-03
8 89 -1.10924352602609e-02
8 88 1.51825522809752e-02
8 87 8.79269616939523e-03
8 86 -1.68389558152073e-02
8 85 3.17872912629877e-02
8 84 -2.17439793838003e-03
8 83 -2.85343637544063e-02
8 82 -4.85975668121787e-04
8 81 8.13704513560660e-03
8 80 -1.52824860838528e-02
8 79 -6.38420425386350e-03
8 78 4.44352842346182e-03
8 77 6.27074105786598e-03
8 76 4.61433510300677e-03
8 75 -9.72582873367667e-03
8 74 -8.70601815398286e-03
8 73 1.45825673382123e-02
8 72 4.43550355133698e-03
8 12 -8.53452798674959e-03
8 13 9.34235742154484e-03
8 14 1.47216653985413e-02
8 15 -8.79196550381651e-03
8 16 -2.04555523416033e-02
8 17 8.21146017983163e-03
8 101 -2.81111616672019e-02
8 5 4.16020447540272e-03
8 4 2.53644413092579e-03
8 3 -3.58609054952260e-03
8 2 -1.31129791824014e-03
8 1 6.61151761914318e-03
8 0 -3.83498892892174e-03
8 646 -1.20236850504831e-03
8 645 -2.63172672934527e-03
8 644 3.91544600054713e-03
8 643 2.80463434793284e-03
8 642 2.47234034824005e-04
8 641 6.27383303199716e-03
8 640 -7.45175964084407e-03
8 639 -3.53988463121048e-03
8 638 -1.13151184678264e-03
8 637 1.50280802432381e-03
8 636 7.51420752440294e-04
8 635 1.39474000907974e-03
8 634 -1.09999188192561e-04
8 633 -4.04254608443274e-03
8 632 1.91709205102399e-03
8 631 3.62899812450179e-03
8 630 2.10177911549351e-04
8 629 -8.62739971881052e-04
8 628 -1.12049764605990e-03
8 627 -2.63103239475650e-03
8 626 2.26502984645620e-03
8 625 2.92144227085828e-03
8 624 -5.03371667663264e-03
8 623 -2.36184792495857e-03
8 622 2.30573262271150e-02
8 621 6.19614149538871e-04
8 620 -1.89427345957192e-02
8 619 3.16395969415845e-03
8 618 6.94302004999313e-03
8 341 2.29867192137614e-03
8 340 2.98768243432145e-04
8 339 3.89705348366690e-04
8 338 1.36953770046410e-03
8 337 1.03191112589450e-03
8 336 -7.77335971784255e-04
8 342 8.82967590029722e-04
8 343 -1.97109183235977e-03
8 344 1.02782133372694e-03
8 345 3.28981077008715e-03
8 346 -6.21273908222712e-04
8 347 -9.06747601682255e-04
8 647 -1.57396543324523e-04
9 9 5.88750666580108e-02
9 6 1.48926769453280e-02
9 7 -2.53892332336274e-02
9 8 -4.24374133887089e-03
9 10 -3.05165807980685e-02
9 11 8.53411414339521e-03
9 100 2.59220470048785e-03
9 99 2.59421986863402e-02
9 98 -1.39224142954616e-02
9 97 -1.77686070558182e-03
9 96 2.25779339318031e-03
9 95 -7.43544989621486e-02
9 94 6.82522979375391e-02
9 93 -1.55017968993044e-02
9 92 -4.09595519582509e-03
9 91 4.49619004424412e-02
9 90 -2.95095905652205e-03
9 89 5.88221387662782e-02
9 88 -5.67665670482429e-02
9 87 -4.47315490936485e-04
9 86 7.32013932868800e-04
9 85 7.58788517859768e-03
9 84 -3.41139534818597e-03
9 83 -2.55579439222884e-02
9 82 4.73255697276626e-04
9 81 -2.05709466178384e-02
9 80 2.69011374146962e-02
9 79 3.29665892045875e-03
9 78 3.23869266738687e-03
9 77 -2.18511761626968e-03
9 76 5.72934121363005e-03
9 75 -2.57159879158506e-03
9 74 -9.94025772131223e-04
9 73 9.32974871632305e-03
9 72 2.08764108350698e-03
9 12 -7.37078276194970e-03
9 13 1.49937538070474e-02
9 14 -8.79196550381677e-03
9 15 -2.01888173108769e-02
9 16 7.82632818752121e-03
9 17 6.08517220505955e-03
9 101 -1.72656668742373e-02
9 5 -4.43818005091591e-03
9 4 -3.94664737453933e-03
9 3 -3.53905273741631e-03
9 2 -6.61778781145488e-04
9 1 7.69004722831269e-04
9 0 -1.53156160066797e-03
9 646 -3.69865934882855e-03
9 645 -7.37657031383090e-03
9 644 7.19481490256559e-03
9 643 -3.47381036867966e-03
9 642 2.58189082322595e-03
9 641 -2.41751862154523e-03
9 640 3.12952966671271e-03
9 639 8.28066493088701e-03
9 638 -8.65264371536930e-03
9 637 1.14768149422858e-03
9 636 -1.64370478061732e-03
9 635 7.66342300366135e-03
9 634 -9.13917134628151e-03
9 633 -6.94487977025837e-03
9 632 8.52910398714828e-03
9 631 1.63985009072548e-04
9 630 -2.78442484024535e-03
9 629 -1.59954758139429e-03
9 628 1.86369212126912e-03
9 627 -3.74392070475804e-03
9 626 1.02767507965585e-02
9 625 2.38814727982993e-04
9 624 -1.69120057615144e-02
9 623 1.45157653861995e-03
9 622 1.85376806512349e-02
9 621 -6.61161197024286e-04
9 620 1.39740511187387e-03
9 619 -4.30243557123241e-04
9 618 -1.87135752977201e-03
9 341 -5.30718116666871e-04
9 340 -8.32662869253701e-04
9 339 4.59001629628474e-05
9 338 3.89705348366746e-04
9 337 -1.06021077167243e-03
9 336 6.89245238805698e-04
9 342 2.18964702202958e-03
9 343 -2.45057408985048e-03
9 344 -3.34219382104628e-03
9 345 1.34038389548792e-03
9 346 3.12495414748359e-03
9 347 -2.82807762310973e-03
9 647 4.42760863289783e-03
10 10 8.11820222403664e-02
10 6 -1.24547148569926e-02
10 7 3.30968919325967e-02
10 8 -2.37826479997805e-02
10 9 -3.05165807980685e-02
10 11 -3.56742640435023e-02
10 100 -3.28619330574139e-02
10 99 -1.10688606464559e-01
10 98 9.24299403666750e-02
10 97 -8.44395145885080e-02
10 96 1.18857084905285e-02
10 95 9.76279737591049e-02
10 94 -8.70020846753150e-02
10 93 5.55157045015589e-02
10 92 -2.51356650132228e-02
10 91 3.80048866971812e-02
10 90 -4.60491572849197e-03
10 89 -5.07213203545711e-02
10 88 4.77220775062355e-02
10 87 -3.32374805613718e-02
10 86 2.27672144977884e-02
10 85 -2.06865002531603e-02
10 84 4.80005225853849e-03
10 83 -6.98920968600676e-03
10 82 1.59317463645847e-03
10 81 1.25686327017172e-02
10 80 -1.54511327308025e-02
10 79 4.91534971511572e-03
10 78 -1.45126826421947e-02
10 77 1.74798710208396e-03
10 76 -6.57397826365400e-04
10 75 3.25520502653174e-03
10 74 3.39163815026189e-03
10 73 -6.60365053996848e-04
10 72 -1.64746571269248e-03
10 12 -2.11493690886785e-03
10 13 1.09175018888927e-02
10 14 -2.04555523416029e-02
10 15 7.82632818752114e-03
10 16 3.39483591328064e-02
10 17 -2.66239816780848e-02
10 101 7.34004166590553e-02
10 5 1.79686186531228e-03
10 4 6.54597060392869e-03
10 3 3.50814512866615e-03
10 2 -2.36939507056257e-03
10 1 -1.29278793493320e-03
10 0 9.17019532249231e-04
10 646 -3.14964591859463e-03
10 645 -3.96452685273885e-03
10 644 3.24053521002375e-03
10 643 -4.87217761059571e-03
10 642 2.48588223178245e-03
10 641 -4.22623238834336e-03
10 640 3.82755304242799e-03
10 639 6.15980536951163e-03
10 638 -1.60504153688747e-03
10 637 2.08186200257668e-03
10 636 -3.44700907566371e-03
10 635 -3.51786918461644e-03
10 634 2.78882910432559e-03
10 633 7.03240450165160e-03
10 632 -9.67259321213126e-04
10 631 -7.77101344641666e-03
10 630 -2.82156206020976e-03
10 629 9.80928389771417e-04
10 628 3.79356050380230e-03
10 627 2.79054977841435e-03
10 626 -6.89917277941127e-03
10 625 -6.59298137140266e-04
10 624 1.52984288097434e-02
10 623 -3.45716696503226e-04
10 622 -2.59787836406903e-02
10 621 1.84495251854120e-03
10 620 3.00479125323518e-02
10 619 -2.09814170580798e-03
10 618 -8.32235817679317e-03
10 341 -1.67282627971247e-03
10 340 1.75281400861036e-03
10 339 -8.32662869253713e-04
10 338 2.98768243432042e-04
10 337 -1.81677730406643e-03
10 336 1.06662833740609e-03
10 342 1.69061477989646e-03
10 343 -8.72261605524826e-04
10 344 -2.01024453885621e-03
10 345 -1.53567674656458e-03
10 346 -6.33414993853965e-04
10 347 1.81920186702654e-03
10 647 4.42755779310586e-03
11 11 2.87253062010822e-02
11 6 3.78772673381755e-03
11 7 -1.33218438588114e-02
11 8 1.50814723888839e-02
11 9 8.53411414339521e-03
11 10 -3.56742640435023e-02
11 100 2.81688161843054e-02
11 99 5.93683892324342e-02
11 98 -4.90299965092869e-02
11 97 5.28844703704252e-02
11 96 -1.03722961088792e-02
11 95 -4.39495988807144e-02
11 94 3.91313573773160e-02
11 93 -3.97645756081130e-02
11 92 1.96959442790042e-02
11 91 -3.09908093625745e-02
11 90 2.89854191625170e-03
11 89 1.72016072860737e-02
11 88 -1.58072915995042e-02
11 87 2.15117192543601e-02
11 86 -1.53868918870037e-02
11 85 1.80769657911378e-02
11 84 -3.85760211385169e-03
11 83 6.93342143907737e-03
11 82 5.56375398683174e-04
11 81 -2.92235150886107e-03
11 80 3.28710999092002e-03
11 79 -3.81462520175667e-03
11 78 8.55975912383011e-03
11 77 -1.17251800937691e-03
11 76 -9.04965616609756e-05
11 75 -2.61309456446009e-03
11 74 -4.71543546581872e-03
11 73 4.14327632235256e-04
11 72 -1.14461847211938e-03
11 12 8.72309421700115e-04
11 13 -5.41993960288202e-03
11 14 8.21146017983141e-03
11 15 6.08517220505976e-03
11 16 -2.66239816780848e-02
11 17 1.69027745688130e-02
11 101 -5.01826204412482e-02
11 5 -1.63503376119549e-04
11 4 -3.11718537766997e-03
11 3 -1.92473435379932e-03
11 2 2.22122812499367e-03
11 1 2.45650998184464e-03
11 0 3.00023946174927e-04
11 646 -1.29059697743466e-03
11 645 4.07905127268325e-03
11 644 -3.56590636968601e-03
11 643 -2.31173690938286e-03
11 642 1.19408154657560e-03
11 641 2.94615062990864e-03
11 640 -2.71634700169753e-03
11 639 -4.98902248464127e-03
11 638 1.40432076971889e-03
11 637 5.02478951751565e-03
11 636 4.31894216039272e-04
11 635 3.87242638126089e-04
11 634 4.19253079811407e-04
11 633 -2.74154265949780e-03
11 632 -1.69453152844112e-03
11 631 2.92167590777849e-03
11 630 5.13946302707265e-03
11 629 -5.69466380261209e-03
11 628 -3.68171681006421e-03
11 627 -5.76133713082764e-04
11 626 1.41944668806393e-03
11 625 1.03427385082781e-04
11 624 -4.61375470092237e-03
11 623 2.19839483773438e-04
11 622 1.09854012632208e-02
11 621 -6.47370232526762e-04
11 620 -1.52405543101975e-02
11 619 3.18849087307573e-03
11 618 1.13666705048159e-02
11 341 1.61448673400461e-03
11 340 -1.67282627971242e-03
11 339 -5.30718116666830e-04
11 338 2.29867192137615e-03
11 337 -1.31087013798415e-03
11 336 2.24122613178888e-04
11 342 4.17000446045873e-04
11 343 1.47461835399232e-03
11 344 1.66311620261165e-03
11 345 6.14951532573027e-04
11 346 -3.32541475041318e-04
11 347 -3.23570825114544e-04
11 647 1.14128949323860e-03
12 12 3.10950823593793e-02
12 220 8.28732682466845e-04
12 219 -3.27825249166866e-03
12 218 2.38037741846561e-03
12 217 2.50387980805093e-03
12 216 -7.32018951247353e-04
12 215 -8.58788309213749e-04
12 214 3.86327018982522e-04
12 213 5.58385887253143e-03
12 212 -8.96559725705545e-05
12 211 -7.71769075022349e-03
12 210 -6.29416145952763e-04
12 209 1.29957830104991e-03
12 208 -2.50127328284384e-03
12 207 2.83594257997465e-03
12 206 3.66174648658805e-03
12 205 -5.62926756741374e-03
12 204 -5.72799502685363e-03
12 203 1.08194395918889e-02
12 202 3.52915348126649e-03
12 201 3.95796197519616e-04
12 200 -1.35528320858234e-03
12 199 3.13798621097212e-04
12 198 5.10553449426587e-03
12 197 -1.18776795923526e-03
12 196 -1.23275926024424e-02
12 195 2.35826411979038e-03
12 194 1.60714183663398e-02
12 193 -5.87910675722162e-03
12 192 -1.05118216774097e-02
12 54 3.86562768743469e-03
12 55 -5.32502502813587e-03
12 56 3.81416510211430e-04
12 57 2.96405084350876e-03
12 58 -1.72639105823431e-03
12 59 2.64748439901353e-04
12 65 -2.42409366473145e-04
12 64 -1.10030598389339e-03
12 63 -7.77335971784479e-04
12 62 6.89245238805591e-04
12 61 1.06662833740633e-03
12 60 2.24122613178747e-04
12 101 -3.74442803894456e-03
12 100 1.65009402291978e-03
12 99 6.27960780096747e-03
12 98 -7.27749430046087e-03
12 97 1.23021859386678e-02
12 96 -1.57941616639495e-03
12 95 1.66974542728586e-02
12 94 -1.61404568440157e-02
12 93 1.36578654836430e-03
12 92 5.45200245644170e-03
12 91 -2.95650382143288e-02
12 90 2.08056081533904e-03
12 89 1.31651609206972e-02
12 88 -1.30361340809515e-02
12 87 -5.51252468875391e-03
12 86 9.97973362601840e-03
12 85 -1.55012480512658e-02
12 84 -7.70573576676439e-04
12 83 4.31081055613678e-02
12 82 -1.85581275359162e-03
12 81 4.43650475281260e-03
12 80 -4.24509130683453e-03
12 79 -3.84967504309238e-03
12 78 6.12031974470581e-03
12 77 -1.49072637756933e-03
12 76 -8.89891407434811e-03
12 75 1.14596742294183e-02
12 74 5.98590605644571e-03
12 73 -3.42616559159452e-02
12 72 -2.83673945210680e-03
12 221 -6.48149481342867e-04
12 13 -2.80464923324251e-02
12 14 2.73840810595673e-03
12 15 1.48926769453285e-02
12 16 -1.24547148569924e-02
12 17 3.78772673381745e-03
12 11 8.72309421700115e-04
12 10 -2.11493690886785e-03
12 9 -7.37078276194970e-03
12 8 -8.53452798674959e-03
12 7 -5.12437967700901e-03
12 6 -1.54440240503993e-03
12 5 5.82753370092345e-04
12 4 -2.45836055982534e-03
12 3 3.46904607877195e-03
12 2 -4.15965676957774e-04
12 1 -5.93342190913944e-04
12 0 8.58018346594706e-04
13 13 7.57842688913231e-02
13 220 2.00639991506116e-03
13 219 3.38926117058326e-03
13 218 -2.27471365208651e-03
13 217 2.27759984916454e-03
13 216 -1.56488039236559e-03
13 215 1.16519566865232e-03
13 214 -4.37476343963130e-04
13 213 -6.70806149667789e-03
13 212 1.04865935911995e-04
13 211 4.25106908004962e-03
13 210 2.50221036493414e-03
13 209 -1.64884510563107e-03
13 208 3.15737512027366e-03
13 207 -6.03367200993305e-03
13 206 -3.87169285448640e-03
13 205 1.06382916551288e-02
13 204 5.37514631647591e-03
13 203 -1.30093042404903e-02
13 202 -3.85528941468634e-03
13 201 -2.03052969241020e-03
13 200 6.34564119132852e-03
13 199 -5.13217137705564e-04
13 198 -1.60295747712578e-02
13 197 2.59171080264463e-03
13 196 2.80222456498526e-02
13 195 -4.69806261971089e-03
13 194 -3.07523536492490e-02
13 193 8.52512639033228e-03
13 192 9.91072372916030e-03
13 54 -5.68257713825797e-03
13 55 6.76229678001512e-03
13 56 8.33657638360693e-04
13 57 -3.20239755330864e-03
13 58 5.15118179631927e-04
13 59 4.05952175959521e-04
13 65 -1.10030598389364e-03
13 64 7.25889423423561e-04
13 63 1.03191112589463e-03
13 62 -1.06021077167228e-03
13 61 -1.81677730406661e-03
13 60 -1.31087013798407e-03
13 101 1.93963674254802e-02
13 100 -8.29945847646481e-03
13 99 -2.78682251751690e-02
13 98 2.72278472690142e-02
13 97 -4.25109161627023e-02
13 96 5.35772907875035e-03
13 95 -2.35049959671534e-02
13 94 2.29077872969574e-02
13 93 1.17218777608592e-02
13 92 -1.75886205746215e-02
13 91 7.24375369794384e-02
13 90 -5.38218355807162e-03
13 89 -1.02754236491919e-02
13 88 1.07469852043884e-02
13 87 5.89228212039004e-03
13 86 -1.19788135595974e-02
13 85 6.93527786187255e-03
13 84 9.94383365681400e-03
13 83 -8.74091148264959e-02
13 82 2.07655812637702e-03
13 81 9.79582417099954e-03
13 80 -1.20200651295238e-02
13 79 -8.15751258746240e-03
13 78 1.30965287405244e-02
13 77 1.13388632272594e-02
13 76 -1.17372894227668e-02
13 75 -1.14457425588139e-02
13 74 1.31771020354878e-02
13 73 2.15410346300328e-02
13 72 -5.26913335366254e-03
13 12 -2.80464923324251e-02
13 221 -3.06489399063506e-03
13 14 -1.99320677369949e-02
13 15 -2.53892332336286e-02
13 16 3.30968919325966e-02
13 17 -1.33218438588113e-02
13 11 -5.41993960288202e-03
13 10 1.09175018888927e-02
13 9 1.49937538070474e-02
13 8 9.34235742154484e-03
13 7 2.33603934748990e-03
13 6 -5.12437967700900e-03
13 5 2.59395878959484e-03
13 4 -5.70282324651059e-03
13 3 4.49861661733139e-03
13 2 -4.05018549413879e-03
13 1 -1.75617093854282e-03
13 0 1.95507061944643e-03
14 14 5.82570731650039e-02
14 220 1.35976504837277e-03
14 219 2.80463434793250e-03
14 218 -3.05186838275662e-03
14 217 -2.63172672934498e-03
14 216 -1.28371927120189e-03
14 215 1.50280802432435e-03
14 214 -2.25422877676464e-03
14 213 -3.53988463121031e-03
14 212 4.67139647799315e-03
14 211 6.27383303199686e-03
14 210 1.17792660884691e-03
14 209 -8.62739971881438e-04
14 208 1.98323761794129e-03
14 207 3.62899812450158e-03
14 206 -3.83917603605102e-03
14 205 -4.04254608443270e-03
14 204 2.12545403340857e-03
14 203 1.39474000907980e-03
14 202 -1.28474082088718e-03
14 201 3.16395969415846e-03
14 200 -1.01069797441516e-02
14 199 6.19614149538844e-04
14 198 1.83231204461803e-02
14 197 -2.36184792495851e-03
14 196 -2.06954783021565e-02
14 195 2.92144227085817e-03
14 194 2.11227440577448e-03
14 193 -2.63103239475645e-03
14 192 3.66002548300189e-04
14 54 9.06747601682236e-04
14 55 6.21273908222689e-04
14 56 -3.28981077008701e-03
14 57 -1.02782133372691e-03
14 58 1.97109183235965e-03
14 59 -8.82967590029751e-04
14 65 -7.77335971784191e-04
14 64 1.03191112589433e-03
14 63 1.36953770046424e-03
14 62 3.89705348366836e-04
14 61 2.98768243431983e-04
14 60 2.29867192137622e-03
14 101 -2.81111616672012e-02
14 100 1.04637982545705e-02
14 99 4.77644273454302e-02
14 98 -4.19357586832462e-02
14 97 4.67090044231403e-02
14 96 -4.06278442175366e-03
14 95 -1.19679507413460e-02
14 94 1.00637214208617e-02
14 93 -3.41589526416441e-02
14 92 2.39182752674216e-02
14 91 -5.28728356994443e-02
14 90 3.85656818147219e-04
14 89 -2.85343637544067e-02
14 88 2.90203394225286e-02
14 87 3.17872912629869e-02
14 86 -2.96128933246075e-02
14 85 8.79269616939512e-03
14 84 8.04625964581217e-03
14 83 -1.10924352602614e-02
14 82 -4.09011702071422e-03
14 81 1.45825673382119e-02
14 80 -1.90180708895496e-02
14 79 -9.72582873367678e-03
14 78 1.84318468876602e-02
14 77 6.27074105786622e-03
14 76 -1.08850761608731e-02
14 75 -6.38420425386385e-03
14 74 1.94067583040202e-03
14 73 8.13704513560686e-03
14 72 7.14544094824593e-03
14 12 2.73840810595673e-03
14 13 -1.99320677369949e-02
14 221 -1.57396543324346e-04
14 15 -4.24374133887057e-03
14 16 -2.37826479997803e-02
14 17 1.50814723888836e-02
14 11 8.21146017983141e-03
14 10 -2.04555523416029e-02
14 9 -8.79196550381677e-03
14 8 1.47216653985413e-02
14 7 9.34235742154475e-03
14 6 -8.53452798674945e-03
14 5 3.83498892892214e-03
14 4 -6.61151761914351e-03
14 3 1.31129791824010e-03
14 2 3.58609054952270e-03
14 1 -2.53644413092594e-03
14 0 -4.16020447540260e-03
15 15 5.88750666580121e-02
15 220 -7.28949284069376e-04
15 219 -3.47381036867948e-03
15 218 8.91919545453602e-04
15 217 -7.37657031383126e-03
15 216 1.81755411265389e-04
15 215 1.14768149422829e-03
15 214 4.96023286389009e-04
15 213 8.28066493088721e-03
15 212 3.71978784482105e-04
15 211 -2.41751862154464e-03
15 210 -7.12011045167452e-04
15 209 -1.59954758139420e-03
15 208 -2.64144539874856e-04
15 207 1.63985009072652e-04
15 206 2.62043983117286e-03
15 205 -6.94487977025861e-03
15 204 -1.58422421688978e-03
15 203 7.66342300366098e-03
15 202 1.47574834262011e-03
15 201 -4.30243557123177e-04
15 200 2.30160108689526e-03
15 199 -6.61161197024399e-04
15 198 -7.36243914849545e-04
15 197 1.45157653862001e-03
15 196 -1.99892571898549e-02
15 195 2.38814727982940e-04
15 194 1.66731910335312e-02
15 193 -3.74392070475804e-03
15 192 -6.53283009180040e-03
15 54 2.82807762310967e-03
15 55 -3.12495414748346e-03
15 56 -1.34038389548807e-03
15 57 3.34219382104613e-03
15 58 2.45057408985069e-03
15 59 -2.18964702202964e-03
15 65 6.89245238805729e-04
15 64 -1.06021077167236e-03
15 63 3.89705348366679e-04
15 62 4.59001629627401e-05
15 61 -8.32662869253683e-04
15 60 -5.30718116666836e-04
15 101 -1.72656668742378e-02
15 100 1.46734621737498e-02
15 99 -1.77686070558168e-03
15 98 -4.80932687598521e-04
15 97 2.59421986863402e-02
15 96 -1.20197843908789e-02
15 95 4.49619004424409e-02
15 94 -4.20109413859192e-02
15 93 -1.55017968993039e-02
15 92 1.95977520951298e-02
15 91 -7.43544989621517e-02
15 90 6.10220102460989e-03
15 89 -2.55579439222877e-02
15 88 2.50846882250117e-02
15 87 7.58788517859746e-03
15 86 -4.17648983041222e-03
15 85 -4.47315490936405e-04
15 84 -2.84698441932154e-04
15 83 5.88221387662810e-02
15 82 -2.05557171803594e-03
15 81 9.32974871632263e-03
15 80 -1.14173897998310e-02
15 79 -2.57159879158499e-03
15 78 3.56562456371739e-03
15 77 -2.18511761626965e-03
15 76 -3.54422359736037e-03
15 75 3.29665892045868e-03
15 74 -6.53535158784620e-03
15 73 -2.05709466178386e-02
15 72 -6.33019079685751e-03
15 12 1.48926769453285e-02
15 13 -2.53892332336286e-02
15 14 -4.24374133887057e-03
15 221 4.42760863289800e-03
15 16 -3.05165807980687e-02
15 17 8.53411414339532e-03
15 11 6.08517220505976e-03
15 10 7.82632818752114e-03
15 9 -2.01888173108769e-02
15 8 -8.79196550381651e-03
15 7 1.49937538070467e-02
15 6 -7.37078276194957e-03
15 5 1.53156160066865e-03
15 4 -7.69004722831585e-04
15 3 6.61778781144977e-04
15 2 3.53905273741673e-03
15 1 3.94664737453953e-03
15 0 4.43818005091567e-03
16 16 8.11820222403655e-02
16 220 -1.27791187451120e-03
16 219 -4.87217761059571e-03
16 218 2.38629537881333e-03
16 217 -3.96452685273937e-03
16 216 7.23991642715073e-04
16 215 2.08186200257670e-03
16 214 1.36514707308711e-03
16 213 6.15980536951159e-03
16 212 -4.55476383262420e-03
16 211 -4.22623238834271e-03
16 210 3.98679345915400e-04
16 209 9.80928389771405e-04
16 208 -4.77448889357383e-03
16 207 -7.77101344641659e-03
16 206 1.05925755066265e-02
16 205 7.03240450165168e-03
16 204 -6.06514518043840e-03
16 203 -3.51786918461653e-03
16 202 7.29040080290791e-04
16 201 -2.09814170580781e-03
16 200 1.04204998826011e-02
16 199 1.84495251854115e-03
16 198 -3.18928650508932e-02
16 197 -3.45716696503246e-04
16 196 2.63245003371935e-02
16 195 -6.59298137140174e-04
16 194 -1.46391306726032e-02
16 193 2.79054977841433e-03
16 192 4.10862300099699e-03
16 54 -1.81920186702656e-03
16 55 6.33414993854057e-04
16 56 1.53567674656437e-03
16 57 2.01024453885611e-03
16 58 8.72261605525083e-04
16 59 -1.69061477989648e-03
16 65 1.06662833740609e-03
16 64 -1.81677730406647e-03
16 63 2.98768243432057e-04
16 62 -8.32662869253748e-04
16 61 1.75281400861040e-03
16 60 -1.67282627971246e-03
16 101 7.34004166590548e-02
16 100 -4.05384836016413e-02
16 99 -8.44395145885082e-02
16 98 7.25538060979797e-02
16 97 -1.10688606464557e-01
16 96 1.82586660978837e-02
16 95 3.80048866971815e-02
16 94 -3.33999709686892e-02
16 93 5.55157045015574e-02
16 92 -3.03800394883360e-02
16 91 9.76279737591041e-02
16 90 -1.06258890837895e-02
16 89 -6.98920968600743e-03
16 88 5.39603504954833e-03
16 87 -2.06865002531596e-02
16 86 1.58864479946220e-02
16 85 -3.32374805613718e-02
16 84 1.04702660635837e-02
16 83 -5.07213203545702e-02
16 82 2.99924284833525e-03
16 81 -6.60365053996430e-04
16 80 2.30783076669030e-03
16 79 3.25520502653194e-03
16 78 -6.64684317679476e-03
16 77 1.74798710208379e-03
16 76 -1.09058927571858e-03
16 75 4.91534971511611e-03
16 74 9.59733292707836e-03
16 73 1.25686327017166e-02
16 72 2.88250002908580e-03
16 12 -1.24547148569924e-02
16 13 3.30968919325966e-02
16 14 -2.37826479997803e-02
16 15 -3.05165807980687e-02
16 221 4.42755779310578e-03
16 17 -3.56742640435019e-02
16 11 -2.66239816780848e-02
16 10 3.39483591328064e-02
16 9 7.82632818752121e-03
16 8 -2.04555523416033e-02
16 7 1.09175018888934e-02
16 6 -2.11493690886813e-03
16 5 -9.17019532249953e-04
16 4 1.29278793493356e-03
16 3 2.36939507056293e-03
16 2 -3.50814512866615e-03
16 1 -6.54597060392843e-03
16 0 -1.79686186531246e-03
17 17 2.87253062010820e-02
17 220 1.49307484196106e-04
17 219 -2.31173690938293e-03
17 218 1.11765536280725e-03
17 217 4.07905127268392e-03
17 216 -5.13144902997268e-04
17 215 5.02478951751561e-03
17 214 -5.45668373355495e-03
17 213 -4.98902248464136e-03
17 212 3.58470171492250e-03
17 211 2.94615062990761e-03
17 210 -2.29803628211122e-04
17 209 -5.69466380261211e-03
17 208 9.37638061267638e-03
17 207 2.92167590777846e-03
17 206 -8.06113893485124e-03
17 205 -2.74154265949773e-03
17 204 4.43607418793884e-03
17 203 3.87242638126634e-04
17 202 -8.06495717937462e-04
17 201 3.18849087307566e-03
17 200 -1.45551613778916e-02
17 199 -6.47370232526716e-04
17 198 1.58879245427244e-02
17 197 2.19839483773452e-04
17 196 -1.12052407469941e-02
17 195 1.03427385082753e-04
17 194 4.51032731583956e-03
17 193 -5.76133713082798e-04
17 192 -8.43312974981179e-04
17 54 3.23570825114627e-04
17 55 3.32541475041036e-04
17 56 -6.14951532572773e-04
17 57 -1.66311620261141e-03
17 58 -1.47461835399268e-03
17 59 -4.17000446045781e-04
17 65 2.24122613178844e-04
17 64 -1.31087013798414e-03
17 63 2.29867192137613e-03
17 62 -5.30718116666805e-04
17 61 -1.67282627971243e-03
17 60 1.61448673400462e-03
17 101 -5.01826204412480e-02
17 100 2.20138042569428e-02
17 99 5.28844703704255e-02
17 98 -4.25121742615463e-02
17 97 5.93683892324332e-02
17 96 -1.03383927231472e-02
17 95 -3.09908093625746e-02
17 94 2.80922674463227e-02
17 93 -3.97645756081126e-02
17 92 2.00686313291090e-02
17 91 -4.39495988807140e-02
17 90 4.81824150339821e-03
17 89 6.93342143907727e-03
17 88 -7.48979683776025e-03
17 87 1.80769657911377e-02
17 86 -1.42193636772863e-02
17 85 2.15117192543601e-02
17 84 -6.12482736735657e-03
17 83 1.72016072860735e-02
17 82 -1.39431568656924e-03
17 81 4.14327632235180e-04
17 80 7.30290839883671e-04
17 79 -2.61309456446023e-03
17 78 7.32853003027916e-03
17 77 -1.17251800937693e-03
17 76 1.26301457103814e-03
17 75 -3.81462520175677e-03
17 74 -4.74513392207316e-03
17 73 -2.92235150886088e-03
17 72 -3.64758482059352e-04
17 12 3.78772673381745e-03
17 13 -1.33218438588113e-02
17 14 1.50814723888836e-02
17 15 8.53411414339532e-03
17 16 -3.56742640435019e-02
17 221 1.14128949323850e-03
17 11 1.69027745688130e-02
17 10 -2.66239816780848e-02
17 9 6.08517220505955e-03
17 8 8.21146017983163e-03
17 7 -5.41993960288213e-03
17 6 8.72309421700161e-04
17 5 -3.00023946174683e-04
17 4 -2.45650998184468e-03
17 3 -2.22122812499384e-03
17 2 1.92473435379919e-03
17 1 3.11718537766991e-03
17 0 1.63503376119729e-04
18 18 1.32467664432576e-02
18 19 -1.16837539986272e-02
18 20 2.42771093727899e-03
18 21 5.48553037086677e-03
18 22 -5.13503872432642e-03
18 23 1.48645417376694e-03
18 130 -1.19744765337834e-03
18 129 3.49160173827287e-03
18 128 -1.86621992236222e-03
18 127 -2.09664413113586e-03
18 126 1.53617939906925e-03
18 125 -2.81415281199753e-03
18 124 4.04048074296067e-03
18 123 -8.42368818814969e-03
18 122 2.37657787639589e-03
18 121 4.89048420056089e-03
18 120 -4.72271742370571e-04
18 119 -3.83332818661324e-03
18 118 5.28795975443496e-03
18 117 -5.24301739212620e-03
18 116 -1.24656919800935e-03
18 115 5.96032819396915e-03
18 114 1.71746420302569e-03
18 113 -5.96289159107901e-03
18 112 -2.16310763741649e-03
18 111 -9.15340161761597e-04
18 110 1.75300808010612e-03
18 109 -6.15772409680664e-04
18 108 -3.80108949287264e-03
18 107 1.44690330368881e-03
18 106 8.26214755254738e-03
18 105 -1.31672877217268e-03
18 104 -1.11836438277597e-02
18 103 4.47009002603177e-03
18 102 9.12453218904914e-03
18 30 -8.58018346594706e-04
18 31 -1.95507061944643e-03
18 32 4.16020447540260e-03
18 33 -4.43818005091567e-03
18 34 1.79686186531246e-03
18 35 -1.63503376119729e-04
18 29 -3.00023946174927e-04
18 28 -9.17019532249232e-04
18 27 1.53156160066797e-03
18 26 3.83498892892174e-03
18 25 2.59395878959538e-03
18 24 5.82753370092195e-04
18 131 8.34232008559247e-04
18 436 3.63215644819391e-04
18 435 -2.09664413113545e-03
18 434 5.60464732066126e-04
18 433 3.49160173827422e-03
18 432 -1.62538181591096e-03
18 431 4.89048420056078e-03
18 430 -4.41821245819033e-03
18 429 -8.42368818815024e-03
18 428 6.04711031175427e-03
18 427 -2.81415281199992e-03
18 426 -1.22632793096281e-03
18 425 -5.96289159107934e-03
18 424 8.12599922849588e-03
18 423 5.96032819396920e-03
18 422 -7.67779239699509e-03
18 421 -5.24301739212599e-03
18 420 6.48958659013563e-03
18 419 -3.83332818661188e-03
18 418 -1.45463156782196e-03
18 417 4.47009002603163e-03
18 416 -1.35946222150810e-02
18 415 -1.31672877217260e-03
18 414 1.25003725999327e-02
18 413 1.44690330368884e-03
18 412 -9.70905085623625e-03
18 411 -6.15772409680729e-04
18 410 4.41686190255298e-03
18 409 -9.15340161761613e-04
18 408 -8.37667918344572e-04
18 299 -5.82753370092344e-04
18 298 -2.59395878959484e-03
18 297 -3.83498892892214e-03
18 296 -1.53156160066865e-03
18 295 9.17019532249952e-04
18 294 3.00023946174682e-04
18 293 -1.63503376119549e-04
18 292 1.79686186531228e-03
18 291 -4.43818005091591e-03
18 290 4.16020447540272e-03
18 289 -1.95507061944633e-03
18 288 -8.58018346594780e-04
18 437 8.34232008558777e-04
19 19 3.03646503227358e-02
19 18 -1.16837539986272e-02
19 20 -1.11684697317645e-02
19 21 -7.93014006573906e-03
19 22 1.30468442139941e-02
19 23 -5.13503872432642e-03
