0 126 0 126
0 0 7.69652182315479e-03
0 115 1.83377144156701e-03
0 114 1.28393745715294e-03
0 113 1.83377144156694e-03
0 112 8.55987508257045e-04
0 111 -3.76032885332025e-03
0 110 -8.22199382568596e-05
0 109 1.28393745715309e-03
0 108 -3.76032885332032e-03
0 107 4.70061829025390e-03
0 61 5.26142401273623e-05
0 60 -6.63221325239264e-04
0 59 -9.17601846348519e-04
0 58 -6.63221325239281e-04
0 57 5.26142401274200e-05
0 106 -8.22199382569944e-05
0 105 1.28393745715320e-03
0 104 1.83377144156697e-03
0 103 -3.76032885332016e-03
0 102 8.55987508256919e-04
0 101 1.83377144156697e-03
0 100 4.70061829025339e-03
0 99 -3.76032885332020e-03
0 98 1.28393745715292e-03
0 97 -8.22199382567931e-05
0 36 5.26142401273510e-05
0 35 -6.63221325239181e-04
0 34 -9.17601846348573e-04
0 33 -6.63221325239216e-04
0 32 5.26142401273733e-05
0 56 6.07603344109309e-04
0 55 -2.71708900956434e-04
0 54 -1.05603616352752e-03
0 53 3.42473234767546e-03
0 52 -4.71610859755933e-03
0 3 -3.34835546999938e-04
0 96 -8.22199382569944e-05
0 95 1.28393745715320e-03
0 94 1.83377144156697e-03
0 93 -3.76032885332016e-03
0 92 8.55987508256919e-04
0 91 1.83377144156697e-03
0 90 4.70061829025339e-03
0 89 -3.76032885332020e-03
0 88 1.28393745715292e-03
0 87 -8.22199382567930e-05
0 51 5.26142401273510e-05
0 50 -6.63221325239181e-04
0 49 -9.17601846348572e-04
0 48 -6.63221325239216e-04
0 47 5.26142401273733e-05
0 46 6.07603344109277e-04
0 45 -2.71708900956397e-04
0 44 -1.05603616352756e-03
0 43 3.42473234767538e-03
0 42 -4.71610859755927e-03
0 37 -2.35805429877965e-03
0 38 1.71236617383770e-03
0 39 -5.28018081763808e-04
0 40 -1.35854450478185e-04
0 41 3.03801672054607e-04
0 5 -3.34835546999967e-04
0 6 -1.67417773499975e-04
0 76 -8.22199382567961e-05
0 75 1.83377144156701e-03
0 74 1.28393745715294e-03
0 73 1.83377144156694e-03
0 72 8.55987508257045e-04
0 71 -3.76032885332025e-03
0 70 -8.22199382568596e-05
0 69 1.28393745715309e-03
0 68 -3.76032885332032e-03
0 67 4.70061829025390e-03
0 17 -4.71610859755944e-03
0 18 3.42473234767551e-03
0 19 -1.05603616352753e-03
0 20 -2.71708900956468e-04
0 21 6.07603344109332e-04
0 16 5.26142401273623e-05
0 15 -6.63221325239264e-04
0 14 -9.17601846348519e-04
0 13 -6.63221325239281e-04
0 12 5.26142401274200e-05
0 11 3.03801672054693e-04
0 10 -1.35854450478246e-04
0 9 -5.28018081763761e-04
0 8 1.71236617383773e-03
0 7 -2.35805429877973e-03
0 2 -3.34835546999922e-04
0 1 -1.67417773499975e-04
0 116 -8.22199382567961e-05
1 1 3.84826091157731e-03
1 12 -4.71610859755927e-03
1 13 3.42473234767538e-03
1 14 -1.05603616352756e-03
1 15 -2.71708900956396e-04
1 16 6.07603344109277e-04
1 2 -3.34835546999967e-04
1 75 1.28393745715320e-03
1 74 1.83377144156697e-03
1 73 -3.76032885332016e-03
1 72 8.55987508256919e-04
1 71 1.83377144156697e-03
1 70 4.70061829025339e-03
1 69 -3.76032885332020e-03
1 68 1.28393745715292e-03
1 67 -8.22199382567930e-05
1 17 5.26142401273510e-05
1 18 -6.63221325239181e-04
1 19 -9.17601846348572e-04
1 20 -6.63221325239216e-04
1 21 5.26142401273733e-05
1 11 -2.35805429877965e-03
1 10 1.71236617383770e-03
1 9 -5.28018081763808e-04
1 8 -1.35854450478185e-04
1 7 3.03801672054607e-04
1 76 -8.22199382569944e-05
1 0 -1.67417773499975e-04
1 311 1.28393745715320e-03
1 310 1.83377144156697e-03
1 309 -3.76032885332016e-03
1 308 8.55987508256919e-04
1 307 1.83377144156697e-03
1 306 4.70061829025339e-03
1 305 -3.76032885332020e-03
1 304 1.28393745715292e-03
1 303 -8.22199382567930e-05
1 207 5.26142401273509e-05
1 206 -6.63221325239181e-04
1 205 -9.17601846348573e-04
1 204 -6.63221325239216e-04
1 203 5.26142401273732e-05
1 208 3.03801672054670e-04
1 209 -1.35854450478212e-04
1 210 -5.28018081763753e-04
1 211 1.71236617383768e-03
1 212 -2.35805429877962e-03
1 127 -1.67417773499992e-04
1 312 -8.22199382569943e-05
2 2 7.69652182315478e-03
2 12 6.07603344109381e-04
2 13 -2.71708900956500e-04
2 14 -1.05603616352753e-03
2 15 3.42473234767542e-03
2 16 -4.71610859755941e-03
2 1 -3.34835546999967e-04
2 57 -4.71610859755930e-03
2 58 3.42473234767537e-03
2 59 -1.05603616352752e-03
2 60 -2.71708900956465e-04
2 61 6.07603344109359e-04
2 3 -3.34835546999983e-04
2 115 1.28393745715320e-03
2 114 1.83377144156697e-03
2 113 -3.76032885332016e-03
2 112 8.55987508256919e-04
2 111 1.83377144156697e-03
2 110 4.70061829025339e-03
2 109 -3.76032885332020e-03
2 108 1.28393745715292e-03
2 107 -8.22199382567930e-05
2 52 5.26142401273510e-05
2 53 -6.63221325239181e-04
2 54 -9.17601846348572e-04
2 55 -6.63221325239216e-04
2 56 5.26142401273733e-05
2 76 4.70061829025354e-03
2 75 -3.76032885332007e-03
2 74 -3.76032885332016e-03
2 73 1.28393745715305e-03
2 72 8.55987508256952e-04
2 71 1.28393745715305e-03
2 70 -8.22199382569500e-05
2 69 1.83377144156697e-03
2 68 1.83377144156678e-03
2 67 -8.22199382566859e-05
2 17 6.07603344109241e-04
2 18 -2.71708900956331e-04
2 19 -1.05603616352756e-03
2 20 3.42473234767543e-03
2 21 -4.71610859755933e-03
2 11 5.26142401273936e-05
2 10 -6.63221325239269e-04
2 9 -9.17601846348570e-04
2 8 -6.63221325239223e-04
2 7 5.26142401273273e-05
2 116 -8.22199382569944e-05
2 0 -3.34835546999922e-04
2 311 1.83377144156701e-03
2 310 1.28393745715294e-03
2 309 1.83377144156694e-03
2 308 8.55987508257046e-04
2 307 -3.76032885332025e-03
2 306 -8.22199382568596e-05
2 305 1.28393745715309e-03
2 304 -3.76032885332033e-03
2 303 4.70061829025390e-03
2 208 5.26142401273622e-05
2 209 -6.63221325239265e-04
2 210 -9.17601846348519e-04
2 211 -6.63221325239281e-04
2 212 5.26142401274197e-05
2 302 4.70061829025354e-03
2 301 -3.76032885332007e-03
2 300 -3.76032885332016e-03
2 299 1.28393745715305e-03
2 298 8.55987508256953e-04
2 297 1.28393745715305e-03
2 296 -8.22199382569501e-05
2 295 1.83377144156697e-03
2 294 1.83377144156678e-03
2 293 -8.22199382566858e-05
2 203 6.07603344109273e-04
2 204 -2.71708900956368e-04
2 205 -1.05603616352752e-03
2 206 3.42473234767551e-03
2 207 -4.71610859755939e-03
2 133 5.26142401273935e-05
2 134 -6.63221325239269e-04
2 135 -9.17601846348571e-04
2 136 -6.63221325239223e-04
2 137 5.26142401273274e-05
2 312 -8.22199382567960e-05
2 127 -3.34835546999894e-04
3 3 2.65416931870655e-02
3 57 6.07603344109359e-04
3 58 -2.71708900956465e-04
3 59 -1.05603616352752e-03
3 60 3.42473234767537e-03
3 61 -4.71610859755930e-03
3 2 -3.34835546999983e-04
3 22 -8.13182306952742e-03
3 23 5.90514763086588e-03
3 24 -1.82088666093759e-03
3 25 -4.68498267859370e-04
3 26 1.04766944792296e-03
3 4 -5.77345362021801e-04
3 115 -3.76032885332007e-03
3 114 -3.76032885332016e-03
3 113 1.28393745715305e-03
3 112 8.55987508256952e-04
3 111 1.28393745715305e-03
3 110 -8.22199382569500e-05
3 109 1.83377144156697e-03
3 108 1.83377144156678e-03
3 107 -8.22199382566859e-05
3 21 5.26142401273936e-05
3 20 -6.63221325239269e-04
3 19 -9.17601846348570e-04
3 18 -6.63221325239223e-04
3 17 5.26142401273273e-05
3 106 4.70061829025354e-03
3 105 -3.76032885332007e-03
3 104 -3.76032885332016e-03
3 103 1.28393745715305e-03
3 102 8.55987508256952e-04
3 101 1.28393745715305e-03
3 100 -8.22199382569500e-05
3 99 1.83377144156697e-03
3 98 1.83377144156678e-03
3 97 -8.22199382566859e-05
3 56 -4.71610859755936e-03
3 55 3.42473234767542e-03
3 54 -1.05603616352752e-03
3 53 -2.71708900956400e-04
3 52 6.07603344109322e-04
3 42 5.26142401273937e-05
3 43 -6.63221325239269e-04
3 44 -9.17601846348570e-04
3 45 -6.63221325239223e-04
3 46 5.26142401273272e-05
3 0 -3.34835546999938e-04
3 86 -8.22199382567961e-05
3 85 1.83377144156701e-03
3 84 1.28393745715294e-03
3 83 1.83377144156694e-03
3 82 8.55987508257046e-04
3 81 -3.76032885332025e-03
3 80 -8.22199382568595e-05
3 79 1.28393745715309e-03
3 78 -3.76032885332033e-03
3 77 4.70061829025390e-03
3 32 -4.71610859755939e-03
3 33 3.42473234767551e-03
3 34 -1.05603616352752e-03
3 35 -2.71708900956368e-04
3 36 6.07603344109273e-04
3 31 5.26142401273623e-05
3 30 -6.63221325239264e-04
3 29 -9.17601846348519e-04
3 28 -6.63221325239281e-04
3 27 5.26142401274199e-05
3 5 -3.34835546999894e-04
3 116 4.70061829025354e-03
3 301 1.28393745715320e-03
3 300 1.83377144156697e-03
3 299 -3.76032885332016e-03
3 298 8.55987508256919e-04
3 297 1.83377144156697e-03
3 296 4.70061829025339e-03
3 295 -3.76032885332020e-03
3 294 1.28393745715292e-03
3 293 -8.22199382567931e-05
3 203 5.26142401273510e-05
3 204 -6.63221325239181e-04
3 205 -9.17601846348573e-04
3 206 -6.63221325239216e-04
3 207 5.26142401273732e-05
3 292 1.15096090456938e-02
3 291 -9.20728132184106e-03
3 290 -9.20728132184128e-03
3 289 3.14376051371674e-03
3 288 2.09591184812066e-03
3 287 3.14376051371673e-03
3 286 -2.01318057894791e-04
3 285 4.49004600423653e-03
3 284 4.49004600423607e-03
3 283 -2.01318057894143e-04
3 182 1.28827591757060e-04
3 181 -1.62391789609855e-03
3 180 -2.24677645767939e-03
3 179 -1.62391789609844e-03
3 178 1.28827591756898e-04
3 262 -2.01318057894899e-04
3 261 3.14376051371711e-03
3 260 4.49004600423654e-03
3 259 -9.20728132184128e-03
3 258 2.09591184812058e-03
3 257 4.49004600423653e-03
3 256 1.15096090456934e-02
3 255 -9.20728132184139e-03
3 254 3.14376051371641e-03
3 253 -2.01318057894406e-04
3 162 1.28827591756956e-04
3 161 -1.62391789609833e-03
3 160 -2.24677645767940e-03
3 159 -1.62391789609842e-03
3 158 1.28827591757010e-04
3 192 1.48773555173689e-03
3 191 -6.65287634762482e-04
3 190 -2.58573715834742e-03
3 189 8.38556291405622e-03
3 188 -1.15475375414954e-02
3 129 -8.19855177043733e-04
3 242 -2.01318057894899e-04
3 241 3.14376051371711e-03
3 240 4.49004600423654e-03
3 239 -9.20728132184128e-03
3 238 2.09591184812058e-03
3 237 4.49004600423653e-03
3 236 1.15096090456934e-02
3 235 -9.20728132184139e-03
3 234 3.14376051371641e-03
3 233 -2.01318057894406e-04
3 172 1.28827591756956e-04
3 171 -1.62391789609833e-03
3 170 -2.24677645767940e-03
3 169 -1.62391789609842e-03
3 168 1.28827591757010e-04
3 167 1.48773555173669e-03
3 166 -6.65287634762314e-04
3 165 -2.58573715834752e-03
3 164 8.38556291405624e-03
3 163 -1.15475375414953e-02
3 131 -8.19855177043692e-04
3 222 -2.01318057894413e-04
3 221 4.49004600423664e-03
3 220 3.14376051371647e-03
3 219 4.49004600423646e-03
3 218 2.09591184812089e-03
3 217 -9.20728132184150e-03
3 216 -2.01318057894569e-04
3 215 3.14376051371684e-03
3 214 -9.20728132184169e-03
3 213 1.15096090456946e-02
3 143 -1.15475375414956e-02
3 144 8.38556291405657e-03
3 145 -2.58573715834742e-03
3 146 -6.65287634762245e-04
3 147 1.48773555173668e-03
3 142 1.28827591756983e-04
3 141 -1.62391789609854e-03
3 140 -2.24677645767926e-03
3 139 -1.62391789609858e-03
3 138 1.28827591757124e-04
3 137 1.04766944792308e-03
3 136 -4.68498267859460e-04
3 135 -1.82088666093752e-03
3 134 5.90514763086593e-03
3 133 -8.13182306952753e-03
3 128 -8.19855177043513e-04
3 127 -5.77345362021801e-04
3 302 -8.22199382569943e-05
4 4 1.32708465935329e-02
4 22 1.04766944792308e-03
4 23 -4.68498267859460e-04
4 24 -1.82088666093752e-03
4 25 5.90514763086593e-03
4 26 -8.13182306952753e-03
4 3 -5.77345362021801e-04
4 125 -3.76032885332007e-03
4 124 -3.76032885332016e-03
4 123 1.28393745715305e-03
4 122 8.55987508256952e-04
4 121 1.28393745715305e-03
4 120 -8.22199382569500e-05
4 119 1.83377144156697e-03
4 118 1.83377144156678e-03
4 117 -8.22199382566859e-05
4 66 3.03801672054634e-04
4 65 -1.35854450478146e-04
4 64 -5.28018081763755e-04
4 63 1.71236617383773e-03
4 62 -2.35805429877968e-03
4 47 5.26142401273937e-05
4 48 -6.63221325239269e-04
4 49 -9.17601846348570e-04
4 50 -6.63221325239223e-04
4 51 5.26142401273272e-05
4 6 -1.67417773499947e-04
4 86 -8.22199382569943e-05
4 85 1.28393745715320e-03
4 84 1.83377144156697e-03
4 83 -3.76032885332016e-03
4 82 8.55987508256919e-04
4 81 1.83377144156697e-03
4 80 4.70061829025339e-03
4 79 -3.76032885332020e-03
4 78 1.28393745715292e-03
4 77 -8.22199382567931e-05
4 32 5.26142401273510e-05
4 33 -6.63221325239181e-04
4 34 -9.17601846348573e-04
4 35 -6.63221325239216e-04
4 36 5.26142401273732e-05
4 31 6.07603344109359e-04
4 30 -2.71708900956465e-04
4 29 -1.05603616352752e-03
4 28 3.42473234767537e-03
4 27 -4.71610859755930e-03
4 5 -3.34835546999983e-04
4 126 4.70061829025354e-03
4 271 -9.20728132184106e-03
4 270 -9.20728132184129e-03
4 269 3.14376051371674e-03
4 268 2.09591184812066e-03
4 267 3.14376051371674e-03
4 266 -2.01318057894791e-04
4 265 4.49004600423653e-03
4 264 4.49004600423607e-03
4 263 -2.01318057894143e-04
4 197 -5.77376877074776e-03
4 196 4.19278145702813e-03
4 195 -1.29286857917373e-03
4 194 -3.32643817381291e-04
4 193 7.43867775868466e-04
4 153 1.28827591757060e-04
4 154 -1.62391789609855e-03
4 155 -2.24677645767939e-03
4 156 -1.62391789609844e-03
4 157 1.28827591756898e-04
4 130 -4.09927588521866e-04
4 242 -2.01318057894413e-04
4 241 4.49004600423664e-03
4 240 3.14376051371647e-03
4 239 4.49004600423646e-03
4 238 2.09591184812089e-03
4 237 -9.20728132184150e-03
4 236 -2.01318057894569e-04
4 235 3.14376051371684e-03
4 234 -9.20728132184169e-03
4 233 1.15096090456946e-02
4 172 -1.15475375414956e-02
4 171 8.38556291405657e-03
4 170 -2.58573715834742e-03
4 169 -6.65287634762245e-04
4 168 1.48773555173668e-03
4 167 1.28827591756983e-04
4 166 -1.62391789609854e-03
4 165 -2.24677645767926e-03
4 164 -1.62391789609858e-03
4 163 1.28827591757124e-04
4 131 -8.19855177043513e-04
4 272 1.15096090456938e-02
5 5 7.69652182315478e-03
5 125 1.28393745715320e-03
5 124 1.83377144156697e-03
5 123 -3.76032885332016e-03
5 122 8.55987508256919e-04
5 121 1.83377144156697e-03
5 120 4.70061829025339e-03
5 119 -3.76032885332020e-03
5 118 1.28393745715292e-03
5 117 -8.22199382567931e-05
5 66 5.26142401273510e-05
5 65 -6.63221325239181e-04
5 64 -9.17601846348573e-04
5 63 -6.63221325239216e-04
5 62 5.26142401273733e-05
5 106 -8.22199382567959e-05
5 105 1.83377144156701e-03
5 104 1.28393745715294e-03
5 103 1.83377144156694e-03
5 102 8.55987508257046e-04
5 101 -3.76032885332025e-03
5 100 -8.22199382568597e-05
5 99 1.28393745715309e-03
5 98 -3.76032885332033e-03
5 97 4.70061829025390e-03
5 56 5.26142401273623e-05
5 55 -6.63221325239264e-04
5 54 -9.17601846348519e-04
5 53 -6.63221325239281e-04
5 52 5.26142401274199e-05
5 96 4.70061829025354e-03
5 95 -3.76032885332007e-03
5 94 -3.76032885332016e-03
5 93 1.28393745715305e-03
5 92 8.55987508256952e-04
5 91 1.28393745715305e-03
5 90 -8.22199382569500e-05
5 89 1.83377144156697e-03
5 88 1.83377144156678e-03
5 87 -8.22199382566859e-05
5 51 6.07603344109241e-04
5 50 -2.71708900956331e-04
5 49 -1.05603616352756e-03
5 48 3.42473234767543e-03
5 47 -4.71610859755933e-03
5 46 -4.71610859755940e-03
5 45 3.42473234767542e-03
5 44 -1.05603616352753e-03
5 43 -2.71708900956500e-04
5 42 6.07603344109381e-04
5 37 5.26142401273936e-05
5 38 -6.63221325239269e-04
5 39 -9.17601846348570e-04
5 40 -6.63221325239223e-04
5 41 5.26142401273273e-05
5 0 -3.34835546999967e-04
5 6 -3.34835546999922e-04
5 86 4.70061829025354e-03
5 85 -3.76032885332007e-03
5 84 -3.76032885332016e-03
5 83 1.28393745715305e-03
5 82 8.55987508256953e-04
5 81 1.28393745715305e-03
5 80 -8.22199382569501e-05
5 79 1.83377144156697e-03
5 78 1.83377144156678e-03
5 77 -8.22199382566858e-05
5 32 6.07603344109273e-04
5 33 -2.71708900956368e-04
5 34 -1.05603616352752e-03
5 35 3.42473234767551e-03
5 36 -4.71610859755939e-03
5 31 -4.71610859755930e-03
5 30 3.42473234767537e-03
5 29 -1.05603616352752e-03
5 28 -2.71708900956465e-04
5 27 6.07603344109359e-04
5 26 5.26142401273935e-05
5 25 -6.63221325239269e-04
5 24 -9.17601846348571e-04
5 23 -6.63221325239223e-04
5 22 5.26142401273274e-05
5 126 -8.22199382569944e-05
5 4 -3.34835546999983e-04
5 3 -3.34835546999894e-04
6 6 3.84826091157748e-03
6 125 1.83377144156701e-03
6 124 1.28393745715294e-03
6 123 1.83377144156694e-03
6 122 8.55987508257046e-04
6 121 -3.76032885332025e-03
6 120 -8.22199382568597e-05
6 119 1.28393745715309e-03
6 118 -3.76032885332033e-03
6 117 4.70061829025390e-03
6 66 -2.35805429877971e-03
6 65 1.71236617383778e-03
6 64 -5.28018081763766e-04
6 63 -1.35854450478222e-04
6 62 3.03801672054639e-04
6 27 5.26142401273623e-05
6 28 -6.63221325239264e-04
6 29 -9.17601846348519e-04
6 30 -6.63221325239281e-04
6 31 5.26142401274199e-05
6 4 -1.67417773499947e-04
6 96 -8.22199382567961e-05
6 95 1.83377144156701e-03
6 94 1.28393745715294e-03
6 93 1.83377144156694e-03
6 92 8.55987508257045e-04
6 91 -3.76032885332025e-03
6 90 -8.22199382568596e-05
6 89 1.28393745715309e-03
6 88 -3.76032885332032e-03
6 87 4.70061829025390e-03
6 51 -4.71610859755944e-03
6 50 3.42473234767551e-03
6 49 -1.05603616352753e-03
6 48 -2.71708900956468e-04
6 47 6.07603344109332e-04
6 46 5.26142401273623e-05
6 45 -6.63221325239264e-04
6 44 -9.17601846348519e-04
6 43 -6.63221325239281e-04
6 42 5.26142401274200e-05
6 37 3.03801672054693e-04
6 38 -1.35854450478246e-04
6 39 -5.28018081763761e-04
6 40 1.71236617383773e-03
6 41 -2.35805429877973e-03
6 5 -3.34835546999922e-04
6 0 -1.67417773499975e-04
6 126 -8.22199382567959e-05
7 7 7.88484371674609e-03
7 75 -2.49324640380621e-03
7 74 -1.28724916290676e-03
7 73 -3.72945875295410e-03
7 72 -1.17652434049936e-03
7 71 4.71054596461718e-03
7 70 -1.30204374985639e-04
7 69 -2.32442627353895e-03
7 68 6.95792870981783e-03
7 67 -7.13958272357748e-03
7 17 4.70843369036858e-03
7 18 -3.38388576474297e-03
7 19 1.20624477768320e-03
7 20 -2.68518517664948e-04
7 21 -2.16958421388701e-05
7 16 -1.36945556325343e-04
7 15 7.64175176490068e-04
7 14 1.52110443206374e-03
7 13 1.43519671586148e-03
7 12 -2.16958421389056e-05
7 11 -4.91177379969019e-04
7 10 7.76051053110597e-05
7 9 1.33928701666853e-03
7 8 -3.40470403192645e-03
7 76 2.47652748423640e-04
7 2 5.26142401273273e-05
7 1 3.03801672054607e-04
7 0 -2.35805429877973e-03
8 8 9.51310568875578e-03
8 75 1.16858312469685e-03
8 74 2.57908225561224e-03
8 73 3.41140151364099e-03
8 72 -5.82658807159581e-04
8 71 -5.16917116951055e-03
8 70 8.64143583247197e-04
8 69 1.43978315770053e-03
8 68 -3.98315900393046e-03
8 67 7.52523037064963e-03
8 17 -3.38388576474298e-03
8 18 1.05447417136819e-03
8 19 9.21077771828585e-04
8 20 -1.40132338960099e-03
8 21 1.43519671586146e-03
8 16 7.64175176490035e-04
8 15 -1.82760629100877e-04
8 14 -9.82196717739248e-04
8 13 -1.40132338960092e-03
8 12 -2.68518517664948e-04
8 11 7.76051053110851e-05
8 10 5.17311691580835e-04
8 9 -2.07619478998154e-03
8 76 -1.85233568491656e-03
8 7 -3.40470403192645e-03
8 2 -6.63221325239223e-04
8 1 -1.35854450478185e-04
8 0 1.71236617383773e-03
9 9 9.79596849529102e-03
9 75 2.46298037903419e-03
9 74 2.46298037903414e-03
9 73 -1.81376224767291e-03
9 72 -3.18144036997362e-03
9 71 -1.81376224767297e-03
9 70 -3.08522138147099e-03
9 69 2.92712808558900e-03
9 68 2.92712808558894e-03
9 67 -3.08522138147084e-03
9 17 1.20624477768322e-03
9 18 9.21077771828637e-04
9 19 2.76839125003431e-05
9 20 -9.82196717739270e-04
9 21 1.52110443206377e-03
9 16 1.52110443206376e-03
9 15 -9.82196717739273e-04
9 14 2.76839125003481e-05
9 13 9.21077771828560e-04
9 12 1.20624477768323e-03
9 11 1.33928701666857e-03
9 10 -2.07619478998160e-03
9 76 -2.63379990605034e-03
9 8 -2.07619478998154e-03
9 7 1.33928701666853e-03
9 2 -9.17601846348570e-04
9 1 -5.28018081763808e-04
9 0 -5.28018081763761e-04
10 10 9.51310568875580e-03
10 75 2.57908225561242e-03
10 74 1.16858312469699e-03
10 73 -5.16917116951046e-03
10 72 -5.82658807159730e-04
10 71 3.41140151364100e-03
10 70 7.52523037064944e-03
10 69 -3.98315900393053e-03
10 68 1.43978315770051e-03
10 67 8.64143583246916e-04
10 17 -2.68518517664956e-04
10 18 -1.40132338960096e-03
10 19 -9.82196717739311e-04
10 20 -1.82760629100854e-04
10 21 7.64175176490058e-04
10 16 1.43519671586150e-03
10 15 -1.40132338960093e-03
10 14 9.21077771828596e-04
10 13 1.05447417136821e-03
10 12 -3.38388576474296e-03
10 11 -3.40470403192645e-03
10 76 -1.85233568491677e-03
10 9 -2.07619478998160e-03
10 8 5.17311691580835e-04
10 7 7.76051053110597e-05
10 2 -6.63221325239269e-04
10 1 1.71236617383770e-03
10 0 -1.35854450478246e-04
11 11 7.88484371674604e-03
11 75 -1.28724916290691e-03
11 74 -2.49324640380629e-03
11 73 4.71054596461706e-03
11 72 -1.17652434049917e-03
11 71 -3.72945875295424e-03
11 70 -7.13958272357708e-03
11 69 6.95792870981770e-03
11 68 -2.32442627353898e-03
11 67 -1.30204374985308e-04
11 17 -2.16958421388973e-05
11 18 1.43519671586147e-03
11 19 1.52110443206377e-03
11 20 7.64175176490018e-04
11 21 -1.36945556325372e-04
11 16 -2.16958421389360e-05
11 15 -2.68518517664970e-04
11 14 1.20624477768319e-03
11 13 -3.38388576474298e-03
11 12 4.70843369036849e-03
11 76 2.47652748423971e-04
11 10 -3.40470403192645e-03
11 9 1.33928701666857e-03
11 8 7.76051053110851e-05
11 7 -4.91177379969019e-04
11 2 5.26142401273936e-05
11 1 -2.35805429877965e-03
11 0 3.03801672054693e-04
12 12 1.57696874334921e-02
12 13 -6.80940806385292e-03
12 14 2.67857403333709e-03
12 15 1.55210210622115e-04
12 16 -9.82354759938073e-04
12 1 -4.71610859755927e-03
12 2 6.07603344109381e-04
12 75 -2.32442627353909e-03
12 74 -3.72945875295415e-03
12 73 6.95792870981764e-03
12 72 -1.17652434049915e-03
12 71 -2.49324640380628e-03
12 70 -7.13958272357695e-03
12 69 4.71054596461702e-03
12 68 -1.28724916290684e-03
12 67 2.47652748423995e-04
12 17 -1.36945556325371e-04
12 18 7.64175176490014e-04
12 19 1.52110443206377e-03
12 20 1.43519671586146e-03
12 21 -2.16958421389216e-05
12 76 -1.30204374985231e-04
12 11 4.70843369036849e-03
12 10 -3.38388576474296e-03
12 9 1.20624477768323e-03
12 8 -2.68518517664948e-04
12 7 -2.16958421389056e-05
12 0 5.26142401274200e-05
12 311 -1.28724916290692e-03
12 310 -2.49324640380630e-03
12 309 4.71054596461707e-03
12 308 -1.17652434049917e-03
12 307 -3.72945875295424e-03
12 306 -7.13958272357708e-03
12 305 6.95792870981770e-03
12 304 -2.32442627353898e-03
12 303 -1.30204374985308e-04
12 207 -2.16958421388972e-05
12 206 1.43519671586147e-03
12 205 1.52110443206377e-03
12 204 7.64175176490018e-04
12 203 -1.36945556325372e-04
12 208 -2.16958421389358e-05
12 209 -2.68518517664970e-04
12 210 1.20624477768320e-03
12 211 -3.38388576474298e-03
12 212 4.70843369036849e-03
12 312 2.47652748423972e-04
12 127 5.26142401273936e-05
13 13 1.90262113775116e-02
13 12 -6.80940806385292e-03
13 14 -4.15238957996319e-03
13 15 1.03462338316167e-03
13 16 1.55210210622140e-04
13 1 3.42473234767538e-03
13 2 -2.71708900956500e-04
13 75 1.43978315770054e-03
13 74 3.41140151364111e-03
13 73 -3.98315900393046e-03
13 72 -5.82658807159773e-04
13 71 1.16858312469698e-03
13 70 7.52523037064936e-03
13 69 -5.16917116951051e-03
13 68 2.57908225561241e-03
13 67 -1.85233568491688e-03
13 17 7.64175176490060e-04
13 18 -1.82760629100864e-04
13 19 -9.82196717739300e-04
13 20 -1.40132338960092e-03
13 21 -2.68518517664924e-04
13 76 8.64143583246902e-04
13 11 -3.38388576474298e-03
13 10 1.05447417136821e-03
13 9 9.21077771828560e-04
13 8 -1.40132338960092e-03
13 7 1.43519671586148e-03
13 0 -6.63221325239281e-04
13 311 2.57908225561242e-03
13 310 1.16858312469699e-03
13 309 -5.16917116951046e-03
13 308 -5.82658807159730e-04
13 307 3.41140151364100e-03
13 306 7.52523037064944e-03
13 305 -3.98315900393054e-03
13 304 1.43978315770051e-03
13 303 8.64143583246917e-04
13 207 -2.68518517664956e-04
13 206 -1.40132338960096e-03
13 205 -9.82196717739312e-04
13 204 -1.82760629100854e-04
13 203 7.64175176490058e-04
13 208 1.43519671586150e-03
13 209 -1.40132338960093e-03
13 210 9.21077771828597e-04
13 211 1.05447417136821e-03
13 212 -3.38388576474296e-03
13 312 -1.85233568491677e-03
13 127 -6.63221325239269e-04
14 14 1.95919369905821e-02
14 12 2.67857403333709e-03
14 13 -4.15238957996319e-03
14 15 -4.15238957996316e-03
14 16 2.67857403333705e-03
14 1 -1.05603616352756e-03
14 2 -1.05603616352753e-03
14 75 2.92712808558900e-03
14 74 -1.81376224767289e-03
14 73 2.92712808558890e-03
14 72 -3.18144036997357e-03
14 71 2.46298037903415e-03
14 70 -3.08522138147079e-03
14 69 -1.81376224767303e-03
14 68 2.46298037903407e-03
14 67 -2.63379990605013e-03
14 17 1.52110443206374e-03
14 18 -9.82196717739251e-04
14 19 2.76839125003420e-05
14 20 9.21077771828591e-04
14 21 1.20624477768320e-03
14 76 -3.08522138147081e-03
14 11 1.20624477768319e-03
14 10 9.21077771828596e-04
14 9 2.76839125003481e-05
14 8 -9.82196717739248e-04
14 7 1.52110443206374e-03
14 0 -9.17601846348519e-04
14 311 2.46298037903420e-03
14 310 2.46298037903414e-03
14 309 -1.81376224767291e-03
14 308 -3.18144036997362e-03
14 307 -1.81376224767297e-03
14 306 -3.08522138147099e-03
14 305 2.92712808558900e-03
14 304 2.92712808558894e-03
14 303 -3.08522138147084e-03
14 207 1.20624477768322e-03
14 206 9.21077771828638e-04
14 205 2.76839125003431e-05
14 204 -9.82196717739271e-04
14 203 1.52110443206377e-03
14 208 1.52110443206376e-03
14 209 -9.82196717739274e-04
14 210 2.76839125003482e-05
14 211 9.21077771828560e-04
14 212 1.20624477768323e-03
14 312 -2.63379990605034e-03
14 127 -9.17601846348571e-04
15 15 1.90262113775116e-02
15 12 1.55210210622115e-04
15 13 1.03462338316167e-03
15 14 -4.15238957996316e-03
15 16 -6.80940806385291e-03
15 1 -2.71708900956396e-04
15 2 3.42473234767542e-03
15 75 -3.98315900393049e-03
15 74 -5.16917116951036e-03
15 73 1.43978315770047e-03
15 72 -5.82658807159722e-04
15 71 2.57908225561243e-03
15 70 8.64143583247067e-04
15 69 3.41140151364100e-03
15 68 1.16858312469696e-03
15 67 -1.85233568491679e-03
15 17 1.43519671586149e-03
15 18 -1.40132338960096e-03
15 19 9.21077771828597e-04
15 20 1.05447417136821e-03
15 21 -3.38388576474296e-03
15 76 7.52523037064946e-03
15 11 -2.68518517664970e-04
15 10 -1.40132338960093e-03
15 9 -9.82196717739273e-04
15 8 -1.82760629100877e-04
15 7 7.64175176490068e-04
15 0 -6.63221325239264e-04
15 311 1.16858312469685e-03
15 310 2.57908225561224e-03
15 309 3.41140151364100e-03
15 308 -5.82658807159581e-04
15 307 -5.16917116951055e-03
15 306 8.64143583247198e-04
15 305 1.43978315770053e-03
15 304 -3.98315900393046e-03
15 303 7.52523037064963e-03
15 207 -3.38388576474299e-03
15 206 1.05447417136819e-03
15 205 9.21077771828586e-04
15 204 -1.40132338960099e-03
15 203 1.43519671586146e-03
15 208 7.64175176490035e-04
15 209 -1.82760629100877e-04
15 210 -9.82196717739249e-04
15 211 -1.40132338960093e-03
15 212 -2.68518517664948e-04
15 312 -1.85233568491657e-03
15 127 -6.63221325239223e-04
16 16 1.57696874334922e-02
16 12 -9.82354759938073e-04
16 13 1.55210210622140e-04
16 14 2.67857403333705e-03
16 15 -6.80940806385291e-03
16 1 6.07603344109277e-04
16 2 -4.71610859755941e-03
16 75 6.95792870981770e-03
16 74 4.71054596461718e-03
16 73 -2.32442627353903e-03
16 72 -1.17652434049926e-03
16 71 -1.28724916290679e-03
16 70 -1.30204374985370e-04
16 69 -3.72945875295423e-03
16 68 -2.49324640380617e-03
16 67 2.47652748423749e-04
16 17 -2.16958421389079e-05
16 18 -2.68518517664997e-04
16 19 1.20624477768319e-03
16 20 -3.38388576474297e-03
16 21 4.70843369036854e-03
16 76 -7.13958272357719e-03
16 11 -2.16958421389360e-05
16 10 1.43519671586150e-03
16 9 1.52110443206376e-03
16 8 7.64175176490035e-04
16 7 -1.36945556325343e-04
16 0 5.26142401273623e-05
16 311 -2.49324640380621e-03
16 310 -1.28724916290676e-03
16 309 -3.72945875295410e-03
16 308 -1.17652434049936e-03
16 307 4.71054596461718e-03
16 306 -1.30204374985640e-04
16 305 -2.32442627353895e-03
16 304 6.95792870981783e-03
16 303 -7.13958272357748e-03
16 207 4.70843369036858e-03
16 206 -3.38388576474298e-03
16 205 1.20624477768320e-03
16 204 -2.68518517664948e-04
16 203 -2.16958421388701e-05
16 208 -1.36945556325343e-04
16 209 7.64175176490068e-04
16 210 1.52110443206374e-03
16 211 1.43519671586148e-03
16 212 -2.16958421389054e-05
16 312 2.47652748423639e-04
16 127 5.26142401273273e-05
17 17 1.57696874334922e-02
17 115 -2.49324640380621e-03
17 114 -1.28724916290676e-03
17 113 -3.72945875295410e-03
17 112 -1.17652434049936e-03
17 111 4.71054596461718e-03
17 110 -1.30204374985639e-04
17 109 -2.32442627353895e-03
17 108 6.95792870981783e-03
17 107 -7.13958272357748e-03
17 52 4.70843369036858e-03
17 53 -3.38388576474297e-03
17 54 1.20624477768320e-03
17 55 -2.68518517664948e-04
17 56 -2.16958421388701e-05
17 61 -1.36945556325343e-04
17 60 7.64175176490068e-04
17 59 1.52110443206374e-03
17 58 1.43519671586148e-03
17 57 -2.16958421389056e-05
17 3 5.26142401273273e-05
17 76 -1.30204374985512e-04
17 75 -3.72945875295422e-03
17 74 -2.32442627353901e-03
17 73 -2.49324640380619e-03
17 72 -1.17652434049933e-03
17 71 6.95792870981777e-03
17 70 2.47652748423756e-04
17 69 -1.28724916290673e-03
17 68 4.71054596461723e-03
17 67 -7.13958272357741e-03
17 116 2.47652748423640e-04
17 18 -6.80940806385293e-03
17 19 2.67857403333708e-03
17 20 1.55210210622122e-04
17 21 -9.82354759938038e-04
17 16 -2.16958421389079e-05
17 15 1.43519671586149e-03
17 14 1.52110443206374e-03
17 13 7.64175176490060e-04
17 12 -1.36945556325371e-04
17 11 -2.16958421388973e-05
17 10 -2.68518517664956e-04
17 9 1.20624477768322e-03
17 8 -3.38388576474298e-03
17 7 4.70843369036858e-03
17 2 6.07603344109241e-04
17 1 5.26142401273510e-05
17 0 -4.71610859755944e-03
18 18 1.90262113775116e-02
18 115 1.16858312469685e-03
18 114 2.57908225561224e-03
18 113 3.41140151364099e-03
18 112 -5.82658807159581e-04
18 111 -5.16917116951055e-03
18 110 8.64143583247197e-04
18 109 1.43978315770053e-03
18 108 -3.98315900393046e-03
18 107 7.52523037064963e-03
18 52 -3.38388576474298e-03
18 53 1.05447417136819e-03
18 54 9.21077771828585e-04
18 55 -1.40132338960099e-03
18 56 1.43519671586146e-03
18 61 7.64175176490035e-04
18 60 -1.82760629100877e-04
18 59 -9.82196717739248e-04
18 58 -1.40132338960092e-03
18 57 -2.68518517664948e-04
18 3 -6.63221325239223e-04
18 76 8.64143583247392e-04
18 75 3.41140151364084e-03
18 74 1.43978315770031e-03
18 73 1.16858312469686e-03
18 72 -5.82658807159468e-04
18 71 -3.98315900393063e-03
18 70 -1.85233568491633e-03
18 69 2.57908225561237e-03
18 68 -5.16917116951049e-03
18 67 7.52523037064984e-03
18 17 -6.80940806385293e-03
18 116 -1.85233568491656e-03
18 19 -4.15238957996309e-03
18 20 1.03462338316160e-03
18 21 1.55210210622115e-04
18 16 -2.68518517664997e-04
18 15 -1.40132338960096e-03
18 14 -9.82196717739251e-04
18 13 -1.82760629100864e-04
18 12 7.64175176490014e-04
18 11 1.43519671586147e-03
18 10 -1.40132338960096e-03
18 9 9.21077771828637e-04
18 8 1.05447417136819e-03
18 7 -3.38388576474297e-03
18 2 -2.71708900956331e-04
18 1 -6.63221325239181e-04
18 0 3.42473234767551e-03
19 19 1.95919369905821e-02
19 115 2.46298037903419e-03
19 114 2.46298037903414e-03
19 113 -1.81376224767291e-03
19 112 -3.18144036997362e-03
19 111 -1.81376224767297e-03
19 110 -3.08522138147099e-03
19 109 2.92712808558900e-03
19 108 2.92712808558894e-03
19 107 -3.08522138147084e-03
19 52 1.20624477768322e-03
19 53 9.21077771828637e-04
19 54 2.76839125003431e-05
19 55 -9.82196717739270e-04
19 56 1.52110443206377e-03
19 61 1.52110443206376e-03
19 60 -9.82196717739273e-04
19 59 2.76839125003481e-05
19 58 9.21077771828560e-04
19 57 1.20624477768323e-03
19 3 -9.17601846348570e-04
19 76 -3.08522138147082e-03
19 75 -1.81376224767297e-03
19 74 2.92712808558891e-03
19 73 2.46298037903419e-03
19 72 -3.18144036997359e-03
19 71 2.92712808558896e-03
19 70 -2.63379990605032e-03
19 69 2.46298037903422e-03
19 68 -1.81376224767297e-03
19 67 -3.08522138147079e-03
19 17 2.67857403333708e-03
19 18 -4.15238957996309e-03
19 116 -2.63379990605034e-03
19 20 -4.15238957996316e-03
19 21 2.67857403333711e-03
19 16 1.20624477768319e-03
19 15 9.21077771828597e-04
19 14 2.76839125003420e-05
19 13 -9.82196717739300e-04
19 12 1.52110443206377e-03
19 11 1.52110443206377e-03
19 10 -9.82196717739311e-04
19 9 2.76839125003431e-05
19 8 9.21077771828585e-04
19 7 1.20624477768320e-03
19 2 -1.05603616352756e-03
19 1 -9.17601846348572e-04
19 0 -1.05603616352753e-03
20 20 1.90262113775116e-02
20 115 2.57908225561242e-03
20 114 1.16858312469699e-03
20 113 -5.16917116951046e-03
20 112 -5.82658807159730e-04
20 111 3.41140151364100e-03
20 110 7.52523037064944e-03
20 109 -3.98315900393053e-03
20 108 1.43978315770051e-03
20 107 8.64143583246916e-04
20 52 -2.68518517664956e-04
20 53 -1.40132338960096e-03
20 54 -9.82196717739311e-04
20 55 -1.82760629100854e-04
20 56 7.64175176490058e-04
20 61 1.43519671586150e-03
20 60 -1.40132338960093e-03
20 59 9.21077771828596e-04
20 58 1.05447417136821e-03
20 57 -3.38388576474296e-03
20 3 -6.63221325239269e-04
20 76 7.52523037064961e-03
20 75 -5.16917116951051e-03
20 74 -3.98315900393050e-03
20 73 2.57908225561235e-03
20 72 -5.82658807159672e-04
20 71 1.43978315770053e-03
20 70 -1.85233568491655e-03
20 69 1.16858312469691e-03
20 68 3.41140151364102e-03
20 67 8.64143583247033e-04
20 17 1.55210210622122e-04
20 18 1.03462338316160e-03
20 19 -4.15238957996316e-03
20 116 -1.85233568491677e-03
20 21 -6.80940806385293e-03
20 16 -3.38388576474297e-03
20 15 1.05447417136821e-03
20 14 9.21077771828591e-04
20 13 -1.40132338960092e-03
20 12 1.43519671586146e-03
20 11 7.64175176490018e-04
20 10 -1.82760629100854e-04
20 9 -9.82196717739270e-04
20 8 -1.40132338960099e-03
20 7 -2.68518517664948e-04
20 2 3.42473234767543e-03
20 1 -6.63221325239216e-04
20 0 -2.71708900956468e-04
21 21 1.57696874334921e-02
21 115 -1.28724916290691e-03
21 114 -2.49324640380629e-03
21 113 4.71054596461706e-03
21 112 -1.17652434049917e-03
21 111 -3.72945875295424e-03
21 110 -7.13958272357708e-03
21 109 6.95792870981770e-03
21 108 -2.32442627353898e-03
21 107 -1.30204374985308e-04
21 52 -2.16958421388973e-05
21 53 1.43519671586147e-03
21 54 1.52110443206377e-03
21 55 7.64175176490018e-04
21 56 -1.36945556325372e-04
21 61 -2.16958421389360e-05
21 60 -2.68518517664970e-04
21 59 1.20624477768319e-03
21 58 -3.38388576474298e-03
21 57 4.70843369036849e-03
21 3 5.26142401273936e-05
21 76 -7.13958272357723e-03
21 75 4.71054596461706e-03
21 74 6.95792870981772e-03
21 73 -1.28724916290679e-03
21 72 -1.17652434049926e-03
21 71 -2.32442627353899e-03
21 70 2.47652748423873e-04
21 69 -2.49324640380619e-03
21 68 -3.72945875295408e-03
21 67 -1.30204374985534e-04
21 17 -9.82354759938038e-04
21 18 1.55210210622115e-04
21 19 2.67857403333711e-03
21 20 -6.80940806385293e-03
21 116 2.47652748423971e-04
21 16 4.70843369036854e-03
21 15 -3.38388576474296e-03
21 14 1.20624477768320e-03
21 13 -2.68518517664924e-04
21 12 -2.16958421389216e-05
21 11 -1.36945556325372e-04
21 10 7.64175176490058e-04
21 9 1.52110443206377e-03
21 8 1.43519671586146e-03
21 7 -2.16958421388701e-05
21 2 -4.71610859755933e-03
21 1 5.26142401273733e-05
21 0 6.07603344109332e-04
22 22 2.71911270527723e-02
22 23 -1.17412269963676e-02
22 24 4.61857263613484e-03
22 25 2.67623602225070e-04
22 26 -1.69384036310323e-03
22 3 -8.13182306952742e-03
22 4 1.04766944792308e-03
22 85 -2.49324640380621e-03
22 84 -1.28724916290676e-03
22 83 -3.72945875295410e-03
22 82 -1.17652434049936e-03
22 81 4.71054596461718e-03
22 80 -1.30204374985639e-04
22 79 -2.32442627353895e-03
22 78 6.95792870981783e-03
22 77 -7.13958272357748e-03
22 32 4.70843369036858e-03
22 33 -3.38388576474297e-03
22 34 1.20624477768320e-03
22 35 -2.68518517664948e-04
22 36 -2.16958421388701e-05
22 31 -1.36945556325343e-04
22 30 7.64175176490068e-04
22 29 1.52110443206374e-03
22 28 1.43519671586148e-03
22 27 -2.16958421389054e-05
22 86 2.47652748423640e-04
22 5 5.26142401273274e-05
22 241 -3.15186932752543e-03
22 240 -6.10479081483652e-03
22 239 1.15339172629540e-02
22 238 -2.88075618051465e-03
22 237 -9.13169492778121e-03
22 236 -1.74814887794961e-02
22 235 1.70367033170631e-02
22 234 -5.69142951246303e-03
22 233 -3.18809433054171e-04
22 172 -5.31229394766118e-05
22 171 3.51412347977273e-03
22 170 3.72447117585072e-03
22 169 1.87110651848945e-03
22 168 -3.35315423742915e-04
22 167 -5.31229394767061e-05
22 166 -6.57475882749526e-04
22 165 2.95352758877057e-03
22 164 -8.28554879434371e-03
22 163 1.15287452942263e-02
22 242 6.06385402397292e-04
22 131 1.28827591757060e-04
23 23 3.28062387463729e-02
23 22 -1.17412269963676e-02
23 24 -7.15982184920092e-03
23 25 1.78396534376257e-03
23 26 2.67623602225033e-04
23 3 5.90514763086588e-03
23 4 -4.68498267859460e-04
23 85 1.16858312469685e-03
23 84 2.57908225561224e-03
23 83 3.41140151364100e-03
23 82 -5.82658807159581e-04
23 81 -5.16917116951055e-03
23 80 8.64143583247198e-04
23 79 1.43978315770053e-03
23 78 -3.98315900393046e-03
23 77 7.52523037064963e-03
23 32 -3.38388576474299e-03
23 33 1.05447417136819e-03
23 34 9.21077771828586e-04
23 35 -1.40132338960099e-03
23 36 1.43519671586146e-03
23 31 7.64175176490035e-04
23 30 -1.82760629100877e-04
23 29 -9.82196717739249e-04
23 28 -1.40132338960093e-03
23 27 -2.68518517664948e-04
23 86 -1.85233568491656e-03
23 5 -6.63221325239223e-04
23 241 6.31496254872121e-03
23 240 2.86131186838660e-03
23 239 -1.26568752401565e-02
23 238 -1.42665808269172e-03
23 237 8.35292195524730e-03
23 236 1.84257589527195e-02
23 235 -9.75288782693365e-03
23 234 3.52535352425169e-03
23 233 2.11588224960518e-03
23 172 -6.57475882749494e-04
23 171 -3.43118359436574e-03
23 170 -2.40493899506427e-03
23 169 -4.47495044270530e-04
23 168 1.87110651848955e-03
23 167 3.51412347977281e-03
23 166 -3.43118359436566e-03
23 165 2.25528736855893e-03
23 164 2.58191257230873e-03
23 163 -8.28554879434364e-03
23 242 -4.53550112736966e-03
23 131 -1.62391789609855e-03
24 24 3.37816998699293e-02
24 22 4.61857263613484e-03
24 23 -7.15982184920092e-03
24 25 -7.15982184920085e-03
24 26 4.61857263613478e-03
24 3 -1.82088666093759e-03
24 4 -1.82088666093752e-03
24 85 2.46298037903419e-03
24 84 2.46298037903414e-03
24 83 -1.81376224767292e-03
24 82 -3.18144036997362e-03
24 81 -1.81376224767297e-03
24 80 -3.08522138147099e-03
24 79 2.92712808558900e-03
24 78 2.92712808558894e-03
24 77 -3.08522138147084e-03
24 32 1.20624477768322e-03
24 33 9.21077771828637e-04
24 34 2.76839125003431e-05
24 35 -9.82196717739271e-04
24 36 1.52110443206377e-03
24 31 1.52110443206376e-03
24 30 -9.82196717739274e-04
24 29 2.76839125003482e-05
24 28 9.21077771828560e-04
24 27 1.20624477768323e-03
24 86 -2.63379990605034e-03
24 5 -9.17601846348571e-04
24 241 6.03068351852266e-03
24 240 6.03068351852252e-03
24 239 -4.44105287507360e-03
24 238 -7.78985499343931e-03
24 237 -4.44105287507372e-03
24 236 -7.55425982870671e-03
24 235 7.16716351158610e-03
24 234 7.16716351158594e-03
24 233 -7.55425982870633e-03
24 172 2.95352758877062e-03
24 171 2.25528736855903e-03
24 170 6.77849146770344e-05
24 169 -2.40493899506417e-03
24 168 3.72447117585073e-03
24 167 3.72447117585069e-03
24 166 -2.40493899506418e-03
24 165 6.77849146770466e-05
24 164 2.25528736855884e-03
24 163 2.95352758877065e-03
24 242 -6.44894040557999e-03
24 131 -2.24677645767939e-03
25 25 3.28062387463729e-02
25 22 2.67623602225070e-04
25 23 1.78396534376257e-03
25 24 -7.15982184920085e-03
25 26 -1.17412269963676e-02
25 3 -4.68498267859370e-04
25 4 5.90514763086593e-03
25 85 2.57908225561242e-03
25 84 1.16858312469699e-03
25 83 -5.16917116951046e-03
25 82 -5.82658807159730e-04
25 81 3.41140151364100e-03
25 80 7.52523037064944e-03
25 79 -3.98315900393054e-03
25 78 1.43978315770051e-03
25 77 8.64143583246917e-04
25 32 -2.68518517664956e-04
25 33 -1.40132338960096e-03
25 34 -9.82196717739312e-04
25 35 -1.82760629100854e-04
25 36 7.64175176490058e-04
25 31 1.43519671586150e-03
25 30 -1.40132338960093e-03
25 29 9.21077771828597e-04
25 28 1.05447417136821e-03
25 27 -3.38388576474296e-03
25 86 -1.85233568491677e-03
25 5 -6.63221325239269e-04
25 241 2.86131186838626e-03
25 240 6.31496254872076e-03
25 239 8.35292195524729e-03
25 238 -1.42665808269136e-03
25 237 -1.26568752401568e-02
25 236 2.11588224960587e-03
25 235 3.52535352425176e-03
25 234 -9.75288782693346e-03
25 233 1.84257589527200e-02
25 172 -8.28554879434371e-03
25 171 2.58191257230868e-03
25 170 2.25528736855890e-03
25 169 -3.43118359436581e-03
25 168 3.51412347977270e-03
25 167 1.87110651848949e-03
25 166 -4.47495044270586e-04
25 165 -2.40493899506412e-03
25 164 -3.43118359436565e-03
25 163 -6.57475882749472e-04
25 242 -4.53550112736916e-03
25 131 -1.62391789609844e-03
26 26 2.71911270527723e-02
26 22 -1.69384036310323e-03
26 23 2.67623602225033e-04
26 24 4.61857263613478e-03
26 25 -1.17412269963676e-02
26 3 1.04766944792296e-03
26 4 -8.13182306952753e-03
26 85 -1.28724916290692e-03
26 84 -2.49324640380630e-03
26 83 4.71054596461707e-03
26 82 -1.17652434049917e-03
26 81 -3.72945875295424e-03
26 80 -7.13958272357708e-03
26 79 6.95792870981770e-03
26 78 -2.32442627353898e-03
26 77 -1.30204374985307e-04
26 32 -2.16958421388975e-05
26 33 1.43519671586147e-03
26 34 1.52110443206377e-03
26 35 7.64175176490018e-04
