127 312 127 312
127 127 1.32708465935328e-02
127 311 -3.76032885332007e-03
127 310 -3.76032885332016e-03
127 309 1.28393745715305e-03
127 308 8.55987508256953e-04
127 307 1.28393745715305e-03
127 306 -8.22199382569499e-05
127 305 1.83377144156697e-03
127 304 1.83377144156678e-03
127 303 -8.22199382566856e-05
127 208 -2.35805429877968e-03
127 209 1.71236617383769e-03
127 210 -5.28018081763770e-04
127 211 -1.35854450478253e-04
127 212 3.03801672054689e-04
127 302 -8.22199382567961e-05
127 301 1.83377144156701e-03
127 300 1.28393745715294e-03
127 299 1.83377144156694e-03
127 298 8.55987508257046e-04
127 297 -3.76032885332025e-03
127 296 -8.22199382568595e-05
127 295 1.28393745715309e-03
127 294 -3.76032885332033e-03
127 293 4.70061829025390e-03
127 203 -4.71610859755939e-03
127 204 3.42473234767551e-03
127 205 -1.05603616352752e-03
127 206 -2.71708900956368e-04
127 207 6.07603344109273e-04
127 282 1.15096090456938e-02
127 281 -9.20728132184106e-03
127 280 -9.20728132184129e-03
127 279 3.14376051371674e-03
127 278 2.09591184812066e-03
127 277 3.14376051371674e-03
127 276 -2.01318057894791e-04
127 275 4.49004600423653e-03
127 274 4.49004600423608e-03
127 273 -2.01318057894143e-04
127 202 7.43867775868332e-04
127 201 -3.32643817381029e-04
127 200 -1.29286857917370e-03
127 199 4.19278145702822e-03
127 198 -5.77376877074777e-03
127 183 1.28827591757060e-04
127 184 -1.62391789609855e-03
127 185 -2.24677645767939e-03
127 186 -1.62391789609844e-03
127 187 1.28827591756898e-04
127 132 -4.09927588521756e-04
127 222 -2.01318057894899e-04
127 221 3.14376051371711e-03
127 220 4.49004600423654e-03
127 219 -9.20728132184128e-03
127 218 2.09591184812058e-03
127 217 4.49004600423653e-03
127 216 1.15096090456934e-02
127 215 -9.20728132184139e-03
127 214 3.14376051371641e-03
127 213 -2.01318057894406e-04
127 143 1.28827591756956e-04
127 144 -1.62391789609833e-03
127 145 -2.24677645767940e-03
127 146 -1.62391789609842e-03
127 147 1.28827591757010e-04
127 142 1.48773555173689e-03
127 141 -6.65287634762482e-04
127 140 -2.58573715834742e-03
127 139 8.38556291405622e-03
127 138 -1.15475375414954e-02
127 137 -8.13182306952742e-03
127 136 5.90514763086588e-03
127 135 -1.82088666093759e-03
127 134 -4.68498267859370e-04
127 133 1.04766944792296e-03
127 128 -8.19855177043733e-04
127 312 4.70061829025354e-03
127 12 5.26142401273936e-05
127 13 -6.63221325239269e-04
127 14 -9.17601846348571e-04
127 15 -6.63221325239223e-04
127 16 5.26142401273273e-05
127 1 -1.67417773499992e-04
127 57 5.26142401273623e-05
127 58 -6.63221325239264e-04
127 59 -9.17601846348519e-04
127 60 -6.63221325239281e-04
127 61 5.26142401274199e-05
127 2 -3.34835546999894e-04
127 3 -5.77345362021801e-04
128 128 1.88451713639109e-02
128 291 4.49004600423664e-03
128 290 3.14376051371647e-03
128 289 4.49004600423646e-03
128 288 2.09591184812089e-03
128 287 -9.20728132184150e-03
128 286 -2.01318057894570e-04
128 285 3.14376051371684e-03
128 284 -9.20728132184169e-03
128 283 1.15096090456946e-02
128 188 1.28827591756983e-04
128 189 -1.62391789609854e-03
128 190 -2.24677645767926e-03
128 191 -1.62391789609858e-03
128 192 1.28827591757125e-04
128 282 -2.01318057894899e-04
128 281 3.14376051371711e-03
128 280 4.49004600423654e-03
128 279 -9.20728132184128e-03
128 278 2.09591184812058e-03
128 277 4.49004600423653e-03
128 276 1.15096090456934e-02
128 275 -9.20728132184139e-03
128 274 3.14376051371641e-03
128 273 -2.01318057894406e-04
128 202 1.28827591756956e-04
128 201 -1.62391789609833e-03
128 200 -2.24677645767940e-03
128 199 -1.62391789609842e-03
128 198 1.28827591757010e-04
128 252 1.15096090456938e-02
128 251 -9.20728132184106e-03
128 250 -9.20728132184129e-03
128 249 3.14376051371674e-03
128 248 2.09591184812066e-03
128 247 3.14376051371674e-03
128 246 -2.01318057894791e-04
128 245 4.49004600423653e-03
128 244 4.49004600423607e-03
128 243 -2.01318057894143e-04
128 187 1.48773555173660e-03
128 186 -6.65287634762153e-04
128 185 -2.58573715834752e-03
128 184 8.38556291405637e-03
128 183 -1.15475375414955e-02
128 178 -1.15475375414956e-02
128 179 8.38556291405635e-03
128 180 -2.58573715834744e-03
128 181 -6.65287634762566e-04
128 182 1.48773555173694e-03
128 173 1.28827591757060e-04
128 174 -1.62391789609855e-03
128 175 -2.24677645767939e-03
128 176 -1.62391789609844e-03
128 177 1.28827591756898e-04
128 129 -8.19855177043692e-04
128 132 -8.19855177043582e-04
128 222 1.15096090456938e-02
128 221 -9.20728132184106e-03
128 220 -9.20728132184129e-03
128 219 3.14376051371674e-03
128 218 2.09591184812066e-03
128 217 3.14376051371674e-03
128 216 -2.01318057894791e-04
128 215 4.49004600423653e-03
128 214 4.49004600423607e-03
128 213 -2.01318057894143e-04
128 143 1.48773555173668e-03
128 144 -6.65287634762245e-04
128 145 -2.58573715834742e-03
128 146 8.38556291405657e-03
128 147 -1.15475375414956e-02
128 142 -1.15475375414954e-02
128 141 8.38556291405622e-03
128 140 -2.58573715834742e-03
128 139 -6.65287634762482e-04
128 138 1.48773555173689e-03
128 137 1.28827591757060e-04
128 136 -1.62391789609855e-03
128 135 -2.24677645767939e-03
128 134 -1.62391789609844e-03
128 133 1.28827591756898e-04
128 292 -2.01318057894413e-04
128 127 -8.19855177043733e-04
128 3 -8.19855177043513e-04
129 129 1.88451713639108e-02
129 291 3.14376051371711e-03
129 290 4.49004600423654e-03
129 289 -9.20728132184128e-03
129 288 2.09591184812058e-03
129 287 4.49004600423653e-03
129 286 1.15096090456934e-02
129 285 -9.20728132184139e-03
129 284 3.14376051371641e-03
129 283 -2.01318057894406e-04
129 147 1.28827591756956e-04
129 146 -1.62391789609833e-03
129 145 -2.24677645767940e-03
129 144 -1.62391789609842e-03
129 143 1.28827591757011e-04
129 262 1.15096090456938e-02
129 261 -9.20728132184106e-03
129 260 -9.20728132184129e-03
129 259 3.14376051371674e-03
129 258 2.09591184812066e-03
129 257 3.14376051371674e-03
129 256 -2.01318057894791e-04
129 255 4.49004600423653e-03
129 254 4.49004600423607e-03
129 253 -2.01318057894143e-04
129 192 -1.15475375414954e-02
129 191 8.38556291405622e-03
129 190 -2.58573715834742e-03
129 189 -6.65287634762481e-04
129 188 1.48773555173689e-03
129 163 1.28827591757060e-04
129 164 -1.62391789609855e-03
129 165 -2.24677645767939e-03
129 166 -1.62391789609844e-03
129 167 1.28827591756898e-04
129 252 -2.01318057894899e-04
129 251 3.14376051371711e-03
129 250 4.49004600423654e-03
129 249 -9.20728132184128e-03
129 248 2.09591184812058e-03
129 247 4.49004600423653e-03
129 246 1.15096090456934e-02
129 245 -9.20728132184139e-03
129 244 3.14376051371641e-03
129 243 -2.01318057894406e-04
129 187 1.28827591756956e-04
129 186 -1.62391789609833e-03
129 185 -2.24677645767940e-03
129 184 -1.62391789609842e-03
129 183 1.28827591757010e-04
129 178 1.48773555173669e-03
129 179 -6.65287634762314e-04
129 180 -2.58573715834752e-03
129 181 8.38556291405624e-03
129 182 -1.15475375414953e-02
129 173 -5.77376877074769e-03
129 174 4.19278145702815e-03
129 175 -1.29286857917382e-03
129 176 -3.32643817381123e-04
129 177 7.43867775868267e-04
129 128 -8.19855177043692e-04
129 132 -4.09927588521826e-04
129 232 -2.01318057894413e-04
129 231 4.49004600423664e-03
129 230 3.14376051371647e-03
129 229 4.49004600423646e-03
129 228 2.09591184812089e-03
129 227 -9.20728132184150e-03
129 226 -2.01318057894569e-04
129 225 3.14376051371684e-03
129 224 -9.20728132184169e-03
129 223 1.15096090456946e-02
129 158 -1.15475375414956e-02
129 159 8.38556291405657e-03
129 160 -2.58573715834742e-03
129 161 -6.65287634762245e-04
129 162 1.48773555173668e-03
129 157 1.28827591756983e-04
129 156 -1.62391789609854e-03
129 155 -2.24677645767926e-03
129 154 -1.62391789609858e-03
129 153 1.28827591757124e-04
129 152 7.43867775868476e-04
129 151 -3.32643817381275e-04
129 150 -1.29286857917371e-03
129 149 4.19278145702822e-03
129 148 -5.77376877074788e-03
129 131 -8.19855177043513e-04
129 130 -4.09927588521826e-04
129 292 -2.01318057894899e-04
129 3 -8.19855177043733e-04
130 130 9.42258568195524e-03
130 271 3.14376051371711e-03
130 270 4.49004600423654e-03
130 269 -9.20728132184128e-03
130 268 2.09591184812058e-03
130 267 4.49004600423653e-03
130 266 1.15096090456934e-02
130 265 -9.20728132184139e-03
130 264 3.14376051371641e-03
130 263 -2.01318057894406e-04
130 168 1.28827591756956e-04
130 169 -1.62391789609833e-03
130 170 -2.24677645767940e-03
130 171 -1.62391789609842e-03
130 172 1.28827591757010e-04
130 197 7.43867775868421e-04
130 196 -3.32643817381190e-04
130 195 -1.29286857917369e-03
130 194 4.19278145702809e-03
130 193 -5.77376877074762e-03
130 232 -2.01318057894899e-04
130 231 3.14376051371711e-03
130 230 4.49004600423654e-03
130 229 -9.20728132184128e-03
130 228 2.09591184812058e-03
130 227 4.49004600423653e-03
130 226 1.15096090456934e-02
130 225 -9.20728132184139e-03
130 224 3.14376051371641e-03
130 223 -2.01318057894406e-04
130 158 1.28827591756956e-04
130 159 -1.62391789609833e-03
130 160 -2.24677645767940e-03
130 161 -1.62391789609842e-03
130 162 1.28827591757010e-04
130 157 1.48773555173669e-03
130 156 -6.65287634762314e-04
130 155 -2.58573715834752e-03
130 154 8.38556291405624e-03
130 153 -1.15475375414953e-02
130 152 -5.77376877074769e-03
130 151 4.19278145702815e-03
130 150 -1.29286857917382e-03
130 149 -3.32643817381123e-04
130 148 7.43867775868267e-04
130 131 -8.19855177043692e-04
130 272 -2.01318057894899e-04
130 129 -4.09927588521826e-04
130 4 -4.09927588521866e-04
131 131 1.88451713639111e-02
131 271 4.49004600423664e-03
131 270 3.14376051371647e-03
131 269 4.49004600423646e-03
131 268 2.09591184812089e-03
131 267 -9.20728132184150e-03
131 266 -2.01318057894569e-04
131 265 3.14376051371684e-03
131 264 -9.20728132184169e-03
131 263 1.15096090456946e-02
131 197 1.28827591756983e-04
131 196 -1.62391789609854e-03
131 195 -2.24677645767926e-03
131 194 -1.62391789609858e-03
131 193 1.28827591757124e-04
131 262 -2.01318057894413e-04
131 261 4.49004600423664e-03
131 260 3.14376051371647e-03
131 259 4.49004600423646e-03
131 258 2.09591184812089e-03
131 257 -9.20728132184150e-03
131 256 -2.01318057894569e-04
131 255 3.14376051371684e-03
131 254 -9.20728132184169e-03
131 253 1.15096090456946e-02
131 192 1.28827591756983e-04
131 191 -1.62391789609854e-03
131 190 -2.24677645767926e-03
131 189 -1.62391789609858e-03
131 188 1.28827591757124e-04
131 242 1.15096090456938e-02
131 241 -9.20728132184106e-03
131 240 -9.20728132184129e-03
131 239 3.14376051371674e-03
131 238 2.09591184812066e-03
131 237 3.14376051371674e-03
131 236 -2.01318057894791e-04
131 235 4.49004600423653e-03
131 234 4.49004600423607e-03
131 233 -2.01318057894143e-04
131 172 1.48773555173668e-03
131 171 -6.65287634762245e-04
131 170 -2.58573715834742e-03
131 169 8.38556291405657e-03
131 168 -1.15475375414956e-02
131 167 -1.15475375414956e-02
131 166 8.38556291405635e-03
131 165 -2.58573715834744e-03
131 164 -6.65287634762567e-04
131 163 1.48773555173694e-03
131 232 1.15096090456938e-02
131 231 -9.20728132184106e-03
131 230 -9.20728132184129e-03
131 229 3.14376051371674e-03
131 228 2.09591184812066e-03
131 227 3.14376051371674e-03
131 226 -2.01318057894791e-04
131 225 4.49004600423653e-03
131 224 4.49004600423607e-03
131 223 -2.01318057894143e-04
131 158 1.48773555173668e-03
131 159 -6.65287634762245e-04
131 160 -2.58573715834742e-03
131 161 8.38556291405657e-03
131 162 -1.15475375414956e-02
131 157 -1.15475375414956e-02
131 156 8.38556291405635e-03
131 155 -2.58573715834744e-03
131 154 -6.65287634762567e-04
131 153 1.48773555173694e-03
131 152 1.28827591757060e-04
131 151 -1.62391789609855e-03
131 150 -2.24677645767939e-03
131 149 -1.62391789609844e-03
131 148 1.28827591756898e-04
131 272 -2.01318057894413e-04
131 130 -8.19855177043692e-04
131 129 -8.19855177043513e-04
131 22 1.28827591757060e-04
131 23 -1.62391789609855e-03
131 24 -2.24677645767939e-03
131 25 -1.62391789609844e-03
131 26 1.28827591756898e-04
131 3 -8.19855177043692e-04
131 4 -8.19855177043513e-04
132 132 9.42258568195565e-03
132 281 4.49004600423664e-03
132 280 3.14376051371647e-03
132 279 4.49004600423646e-03
132 278 2.09591184812089e-03
132 277 -9.20728132184150e-03
132 276 -2.01318057894569e-04
132 275 3.14376051371684e-03
132 274 -9.20728132184170e-03
132 273 1.15096090456946e-02
132 202 -5.77376877074785e-03
132 201 4.19278145702835e-03
132 200 -1.29286857917372e-03
132 199 -3.32643817381215e-04
132 198 7.43867775868345e-04
132 138 1.28827591756983e-04
132 139 -1.62391789609854e-03
132 140 -2.24677645767926e-03
132 141 -1.62391789609858e-03
132 142 1.28827591757124e-04
132 127 -4.09927588521756e-04
132 252 -2.01318057894413e-04
132 251 4.49004600423664e-03
132 250 3.14376051371647e-03
132 249 4.49004600423646e-03
132 248 2.09591184812089e-03
132 247 -9.20728132184150e-03
132 246 -2.01318057894569e-04
132 245 3.14376051371684e-03
132 244 -9.20728132184169e-03
132 243 1.15096090456946e-02
132 187 -1.15475375414957e-02
132 186 8.38556291405658e-03
132 185 -2.58573715834743e-03
132 184 -6.65287634762490e-04
132 183 1.48773555173682e-03
132 178 1.28827591756983e-04
132 179 -1.62391789609854e-03
132 180 -2.24677645767926e-03
132 181 -1.62391789609858e-03
132 182 1.28827591757124e-04
132 173 7.43867775868476e-04
132 174 -3.32643817381275e-04
132 175 -1.29286857917371e-03
132 176 4.19278145702822e-03
132 177 -5.77376877074788e-03
132 128 -8.19855177043582e-04
132 129 -4.09927588521826e-04
132 282 -2.01318057894413e-04
133 133 2.71911270527723e-02
133 301 -1.28724916290692e-03
133 300 -2.49324640380630e-03
133 299 4.71054596461707e-03
133 298 -1.17652434049917e-03
133 297 -3.72945875295424e-03
133 296 -7.13958272357708e-03
133 295 6.95792870981770e-03
133 294 -2.32442627353898e-03
133 293 -1.30204374985307e-04
133 203 -2.16958421388975e-05
133 204 1.43519671586147e-03
133 205 1.52110443206377e-03
133 206 7.64175176490018e-04
133 207 -1.36945556325372e-04
133 222 6.06385402396480e-04
133 221 -6.10479081483631e-03
133 220 -3.15186932752505e-03
133 219 -9.13169492778088e-03
133 218 -2.88075618051513e-03
133 217 1.15339172629543e-02
133 216 -3.18809433054983e-04
133 215 -5.69142951246295e-03
133 214 1.70367033170635e-02
133 213 -1.74814887794971e-02
133 143 1.15287452942265e-02
133 144 -8.28554879434368e-03
133 145 2.95352758877059e-03
133 146 -6.57475882749473e-04
133 147 -5.31229394765455e-05
133 142 -3.35315423742846e-04
133 141 1.87110651848957e-03
133 140 3.72447117585066e-03
133 139 3.51412347977276e-03
133 138 -5.31229394766329e-05
133 137 -1.69384036310323e-03
133 136 2.67623602225033e-04
133 135 4.61857263613478e-03
133 134 -1.17412269963676e-02
133 302 2.47652748423972e-04
133 128 1.28827591756898e-04
133 127 1.04766944792296e-03
133 57 -2.16958421389360e-05
133 58 -2.68518517664970e-04
133 59 1.20624477768320e-03
133 60 -3.38388576474298e-03
133 61 4.70843369036849e-03
133 2 5.26142401273935e-05
133 3 -8.13182306952753e-03
134 134 3.28062387463729e-02
134 301 2.57908225561242e-03
134 300 1.16858312469699e-03
134 299 -5.16917116951046e-03
134 298 -5.82658807159730e-04
134 297 3.41140151364100e-03
134 296 7.52523037064944e-03
134 295 -3.98315900393054e-03
134 294 1.43978315770051e-03
134 293 8.64143583246917e-04
134 203 -2.68518517664956e-04
134 204 -1.40132338960096e-03
134 205 -9.82196717739312e-04
134 206 -1.82760629100854e-04
134 207 7.64175176490058e-04
134 222 -4.53550112736916e-03
134 221 2.86131186838626e-03
134 220 6.31496254872076e-03
134 219 8.35292195524729e-03
134 218 -1.42665808269136e-03
134 217 -1.26568752401568e-02
134 216 2.11588224960587e-03
134 215 3.52535352425176e-03
134 214 -9.75288782693346e-03
134 213 1.84257589527200e-02
134 143 -8.28554879434371e-03
134 144 2.58191257230868e-03
134 145 2.25528736855890e-03
134 146 -3.43118359436581e-03
134 147 3.51412347977270e-03
134 142 1.87110651848949e-03
134 141 -4.47495044270586e-04
134 140 -2.40493899506412e-03
134 139 -3.43118359436565e-03
134 138 -6.57475882749472e-04
134 137 2.67623602225070e-04
134 136 1.78396534376257e-03
134 135 -7.15982184920085e-03
134 302 -1.85233568491677e-03
134 133 -1.17412269963676e-02
134 128 -1.62391789609844e-03
134 127 -4.68498267859370e-04
134 57 1.43519671586150e-03
134 58 -1.40132338960093e-03
134 59 9.21077771828597e-04
134 60 1.05447417136821e-03
134 61 -3.38388576474296e-03
134 2 -6.63221325239269e-04
134 3 5.90514763086593e-03
135 135 3.37816998699293e-02
135 301 2.46298037903419e-03
135 300 2.46298037903414e-03
135 299 -1.81376224767292e-03
135 298 -3.18144036997362e-03
135 297 -1.81376224767297e-03
135 296 -3.08522138147099e-03
135 295 2.92712808558900e-03
135 294 2.92712808558894e-03
135 293 -3.08522138147084e-03
135 203 1.20624477768322e-03
135 204 9.21077771828637e-04
135 205 2.76839125003431e-05
135 206 -9.82196717739271e-04
135 207 1.52110443206377e-03
135 222 -6.44894040557999e-03
135 221 6.03068351852266e-03
135 220 6.03068351852252e-03
135 219 -4.44105287507360e-03
135 218 -7.78985499343931e-03
135 217 -4.44105287507372e-03
135 216 -7.55425982870671e-03
135 215 7.16716351158610e-03
135 214 7.16716351158594e-03
135 213 -7.55425982870633e-03
135 143 2.95352758877062e-03
135 144 2.25528736855903e-03
135 145 6.77849146770344e-05
135 146 -2.40493899506417e-03
135 147 3.72447117585073e-03
135 142 3.72447117585069e-03
135 141 -2.40493899506418e-03
135 140 6.77849146770466e-05
135 139 2.25528736855884e-03
135 138 2.95352758877065e-03
135 137 4.61857263613484e-03
135 136 -7.15982184920092e-03
135 302 -2.63379990605034e-03
135 134 -7.15982184920085e-03
135 133 4.61857263613478e-03
135 128 -2.24677645767939e-03
135 127 -1.82088666093759e-03
135 57 1.52110443206376e-03
135 58 -9.82196717739274e-04
135 59 2.76839125003482e-05
135 60 9.21077771828560e-04
135 61 1.20624477768323e-03
135 2 -9.17601846348571e-04
135 3 -1.82088666093752e-03
136 136 3.28062387463729e-02
136 301 1.16858312469685e-03
136 300 2.57908225561224e-03
136 299 3.41140151364100e-03
136 298 -5.82658807159581e-04
136 297 -5.16917116951055e-03
136 296 8.64143583247198e-04
136 295 1.43978315770053e-03
136 294 -3.98315900393046e-03
136 293 7.52523037064963e-03
136 203 -3.38388576474299e-03
136 204 1.05447417136819e-03
136 205 9.21077771828586e-04
136 206 -1.40132338960099e-03
136 207 1.43519671586146e-03
136 222 -4.53550112736966e-03
136 221 6.31496254872121e-03
136 220 2.86131186838660e-03
136 219 -1.26568752401565e-02
136 218 -1.42665808269172e-03
136 217 8.35292195524730e-03
136 216 1.84257589527195e-02
136 215 -9.75288782693365e-03
136 214 3.52535352425169e-03
136 213 2.11588224960518e-03
136 143 -6.57475882749494e-04
136 144 -3.43118359436574e-03
136 145 -2.40493899506427e-03
136 146 -4.47495044270530e-04
136 147 1.87110651848955e-03
136 142 3.51412347977281e-03
136 141 -3.43118359436566e-03
136 140 2.25528736855893e-03
136 139 2.58191257230873e-03
136 138 -8.28554879434364e-03
136 137 -1.17412269963676e-02
136 302 -1.85233568491656e-03
136 135 -7.15982184920092e-03
136 134 1.78396534376257e-03
136 133 2.67623602225033e-04
136 128 -1.62391789609855e-03
136 127 5.90514763086588e-03
136 57 7.64175176490035e-04
136 58 -1.82760629100877e-04
136 59 -9.82196717739249e-04
136 60 -1.40132338960093e-03
136 61 -2.68518517664948e-04
136 2 -6.63221325239223e-04
136 3 -4.68498267859460e-04
137 137 2.71911270527723e-02
137 301 -2.49324640380621e-03
137 300 -1.28724916290676e-03
137 299 -3.72945875295410e-03
137 298 -1.17652434049936e-03
137 297 4.71054596461718e-03
137 296 -1.30204374985639e-04
137 295 -2.32442627353895e-03
137 294 6.95792870981783e-03
137 293 -7.13958272357748e-03
137 203 4.70843369036858e-03
137 204 -3.38388576474297e-03
137 205 1.20624477768320e-03
137 206 -2.68518517664948e-04
137 207 -2.16958421388701e-05
137 222 6.06385402397292e-04
137 221 -3.15186932752543e-03
137 220 -6.10479081483652e-03
137 219 1.15339172629540e-02
137 218 -2.88075618051465e-03
137 217 -9.13169492778121e-03
137 216 -1.74814887794961e-02
137 215 1.70367033170631e-02
137 214 -5.69142951246303e-03
137 213 -3.18809433054171e-04
137 143 -5.31229394766118e-05
137 144 3.51412347977273e-03
137 145 3.72447117585072e-03
137 146 1.87110651848945e-03
137 147 -3.35315423742915e-04
137 142 -5.31229394767061e-05
137 141 -6.57475882749526e-04
137 140 2.95352758877057e-03
137 139 -8.28554879434371e-03
137 138 1.15287452942263e-02
137 302 2.47652748423640e-04
137 136 -1.17412269963676e-02
137 135 4.61857263613484e-03
137 134 2.67623602225070e-04
137 133 -1.69384036310323e-03
137 128 1.28827591757060e-04
137 127 -8.13182306952742e-03
137 57 -1.36945556325343e-04
137 58 7.64175176490068e-04
137 59 1.52110443206374e-03
137 60 1.43519671586148e-03
137 61 -2.16958421389054e-05
137 2 5.26142401273274e-05
137 3 1.04766944792308e-03
138 138 3.86125666720523e-02
138 281 1.70367033170631e-02
138 280 1.15339172629543e-02
138 279 -5.69142951246314e-03
138 278 -2.88075618051488e-03
138 277 -3.15186932752513e-03
138 276 -3.18809433054322e-04
138 275 -9.13169492778119e-03
138 274 -6.10479081483622e-03
138 273 6.06385402396746e-04
138 202 -5.31229394766380e-05
138 201 -6.57475882749593e-04
138 200 2.95352758877056e-03
138 199 -8.28554879434367e-03
138 198 1.15287452942264e-02
138 183 -5.31229394767064e-05
138 184 3.51412347977281e-03
138 185 3.72447117585069e-03
138 186 1.87110651848949e-03
138 187 -3.35315423742846e-04
138 132 1.28827591756983e-04
138 222 -3.18809433053984e-04
138 221 -5.69142951246328e-03
138 220 -9.13169492778101e-03
138 219 1.70367033170630e-02
138 218 -2.88075618051462e-03
138 217 -6.10479081483649e-03
138 216 -1.74814887794958e-02
138 215 1.15339172629539e-02
138 214 -3.15186932752525e-03
138 213 6.06385402397348e-04
138 143 -3.35315423742912e-04
138 144 1.87110651848944e-03
138 145 3.72447117585073e-03
138 146 3.51412347977271e-03
138 147 -5.31229394766713e-05
138 142 -2.40532596626861e-03
138 141 3.80036993827875e-04
138 140 6.55857123893240e-03
138 139 -1.66730459288823e-02
138 282 -1.74814887794964e-02
138 137 1.15287452942263e-02
138 136 -8.28554879434364e-03
138 135 2.95352758877065e-03
138 134 -6.57475882749472e-04
138 133 -5.31229394766329e-05
138 128 1.48773555173689e-03
138 127 -1.15475375414954e-02
138 3 1.28827591757124e-04
139 139 4.65862661152342e-02
139 281 -9.75288782693353e-03
139 280 -1.26568752401563e-02
139 279 3.52535352425161e-03
139 278 -1.42665808269171e-03
139 277 6.31496254872123e-03
139 276 2.11588224960555e-03
139 275 8.35292195524730e-03
139 274 2.86131186838653e-03
139 273 -4.53550112736972e-03
139 202 3.51412347977279e-03
139 201 -3.43118359436574e-03
139 200 2.25528736855893e-03
139 199 2.58191257230873e-03
139 198 -8.28554879434366e-03
139 183 -6.57475882749526e-04
139 184 -3.43118359436566e-03
139 185 -2.40493899506418e-03
139 186 -4.47495044270586e-04
139 187 1.87110651848957e-03
139 132 -1.62391789609854e-03
139 222 2.11588224960515e-03
139 221 3.52535352425178e-03
139 220 8.35292195524758e-03
139 219 -9.75288782693346e-03
139 218 -1.42665808269183e-03
139 217 2.86131186838657e-03
139 216 1.84257589527193e-02
139 215 -1.26568752401566e-02
139 214 6.31496254872117e-03
139 213 -4.53550112736992e-03
139 143 1.87110651848955e-03
139 144 -4.47495044270554e-04
139 145 -2.40493899506425e-03
139 146 -3.43118359436563e-03
139 147 -6.57475882749414e-04
139 142 3.80036993827875e-04
139 141 2.53330730436350e-03
139 140 -1.01672541184388e-02
139 282 1.84257589527196e-02
139 138 -1.66730459288823e-02
139 137 -8.28554879434371e-03
139 136 2.58191257230873e-03
139 135 2.25528736855884e-03
139 134 -3.43118359436565e-03
139 133 3.51412347977276e-03
139 128 -6.65287634762482e-04
139 127 8.38556291405622e-03
139 3 -1.62391789609858e-03
140 140 4.79714627492765e-02
140 281 7.16716351158610e-03
140 280 -4.44105287507353e-03
140 279 7.16716351158585e-03
140 278 -7.78985499343919e-03
140 277 6.03068351852255e-03
140 276 -7.55425982870621e-03
140 275 -4.44105287507387e-03
140 274 6.03068351852237e-03
140 273 -6.44894040557946e-03
140 202 3.72447117585064e-03
140 201 -2.40493899506413e-03
140 200 6.77849146770318e-05
140 199 2.25528736855891e-03
140 198 2.95352758877057e-03
140 183 2.95352758877057e-03
140 184 2.25528736855893e-03
140 185 6.77849146770466e-05
140 186 -2.40493899506412e-03
140 187 3.72447117585066e-03
140 132 -2.24677645767926e-03
140 222 -7.55425982870627e-03
140 221 7.16716351158610e-03
140 220 -4.44105287507353e-03
140 219 7.16716351158585e-03
140 218 -7.78985499343919e-03
140 217 6.03068351852255e-03
140 216 -7.55425982870621e-03
140 215 -4.44105287507387e-03
140 214 6.03068351852237e-03
140 213 -6.44894040557946e-03
140 143 3.72447117585064e-03
140 144 -2.40493899506413e-03
140 145 6.77849146770319e-05
140 146 2.25528736855891e-03
140 147 2.95352758877057e-03
140 142 6.55857123893240e-03
140 141 -1.01672541184388e-02
140 282 -7.55425982870628e-03
140 139 -1.01672541184388e-02
140 138 6.55857123893240e-03
140 137 2.95352758877057e-03
140 136 2.25528736855893e-03
140 135 6.77849146770466e-05
140 134 -2.40493899506412e-03
140 133 3.72447117585066e-03
140 128 -2.58573715834742e-03
140 127 -2.58573715834742e-03
140 3 -2.24677645767926e-03
141 141 4.65862661152342e-02
141 281 3.52535352425179e-03
141 280 8.35292195524758e-03
141 279 -9.75288782693346e-03
141 278 -1.42665808269183e-03
141 277 2.86131186838658e-03
141 276 1.84257589527193e-02
141 275 -1.26568752401566e-02
141 274 6.31496254872117e-03
141 273 -4.53550112736992e-03
141 202 1.87110651848955e-03
141 201 -4.47495044270554e-04
141 200 -2.40493899506425e-03
141 199 -3.43118359436563e-03
141 198 -6.57475882749414e-04
141 183 -8.28554879434371e-03
141 184 2.58191257230873e-03
141 185 2.25528736855884e-03
141 186 -3.43118359436565e-03
141 187 3.51412347977276e-03
141 132 -1.62391789609858e-03
141 222 1.84257589527196e-02
141 221 -9.75288782693352e-03
141 220 -1.26568752401563e-02
141 219 3.52535352425162e-03
141 218 -1.42665808269171e-03
141 217 6.31496254872123e-03
141 216 2.11588224960555e-03
141 215 8.35292195524729e-03
141 214 2.86131186838653e-03
141 213 -4.53550112736972e-03
141 143 3.51412347977279e-03
141 144 -3.43118359436574e-03
141 145 2.25528736855893e-03
141 146 2.58191257230873e-03
141 147 -8.28554879434366e-03
141 142 -1.66730459288823e-02
141 282 2.11588224960515e-03
141 140 -1.01672541184388e-02
141 139 2.53330730436350e-03
141 138 3.80036993827875e-04
141 137 -6.57475882749526e-04
141 136 -3.43118359436566e-03
141 135 -2.40493899506418e-03
141 134 -4.47495044270586e-04
141 133 1.87110651848957e-03
141 128 8.38556291405622e-03
141 127 -6.65287634762482e-04
141 3 -1.62391789609854e-03
142 142 3.86125666720523e-02
142 281 -5.69142951246329e-03
142 280 -9.13169492778101e-03
142 279 1.70367033170630e-02
142 278 -2.88075618051462e-03
142 277 -6.10479081483650e-03
142 276 -1.74814887794958e-02
142 275 1.15339172629539e-02
142 274 -3.15186932752525e-03
142 273 6.06385402397349e-04
142 202 -3.35315423742913e-04
142 201 1.87110651848944e-03
142 200 3.72447117585073e-03
142 199 3.51412347977271e-03
142 198 -5.31229394766716e-05
142 183 1.15287452942263e-02
142 184 -8.28554879434364e-03
142 185 2.95352758877065e-03
142 186 -6.57475882749472e-04
142 187 -5.31229394766326e-05
142 132 1.28827591757124e-04
142 222 -1.74814887794964e-02
142 221 1.70367033170631e-02
142 220 1.15339172629543e-02
142 219 -5.69142951246314e-03
142 218 -2.88075618051488e-03
142 217 -3.15186932752513e-03
142 216 -3.18809433054322e-04
142 215 -9.13169492778119e-03
142 214 -6.10479081483622e-03
142 213 6.06385402396746e-04
142 143 -5.31229394766373e-05
142 144 -6.57475882749592e-04
142 145 2.95352758877056e-03
142 146 -8.28554879434366e-03
142 147 1.15287452942264e-02
142 282 -3.18809433053984e-04
142 141 -1.66730459288823e-02
142 140 6.55857123893240e-03
142 139 3.80036993827875e-04
142 138 -2.40532596626861e-03
142 137 -5.31229394767061e-05
142 136 3.51412347977281e-03
142 135 3.72447117585069e-03
142 134 1.87110651848949e-03
142 133 -3.35315423742846e-04
142 128 -1.15475375414954e-02
142 127 1.48773555173689e-03
142 3 1.28827591756983e-04
143 143 3.86125666720526e-02
143 291 1.15339172629540e-02
143 290 1.70367033170632e-02
143 289 -3.15186932752512e-03
143 288 -2.88075618051487e-03
143 287 -5.69142951246305e-03
143 286 6.06385402397050e-04
143 285 -6.10479081483626e-03
143 284 -9.13169492778082e-03
143 283 -3.18809433054726e-04
143 188 1.15287452942264e-02
143 189 -8.28554879434366e-03
143 190 2.95352758877057e-03
143 191 -6.57475882749414e-04
143 192 -5.31229394766716e-05
143 182 -3.35315423742916e-04
143 181 1.87110651848955e-03
143 180 3.72447117585072e-03
143 179 3.51412347977270e-03
143 178 -5.31229394765455e-05
143 129 1.28827591757011e-04
143 222 -3.18809433054673e-04
143 221 -9.13169492778117e-03
143 220 -5.69142951246310e-03
143 219 -6.10479081483627e-03
143 218 -2.88075618051506e-03
143 217 1.70367033170633e-02
143 216 6.06385402396762e-04
143 215 -3.15186932752499e-03
143 214 1.15339172629544e-02
143 213 -1.74814887794970e-02
143 292 -1.74814887794965e-02
143 144 -1.66730459288824e-02
143 145 6.55857123893253e-03
143 146 3.80036993827827e-04
143 147 -2.40532596626843e-03
143 142 -5.31229394766373e-05
143 141 3.51412347977279e-03
143 140 3.72447117585064e-03
143 139 1.87110651848955e-03
143 138 -3.35315423742912e-04
143 137 -5.31229394766118e-05
143 136 -6.57475882749494e-04
143 135 2.95352758877062e-03
143 134 -8.28554879434371e-03
143 133 1.15287452942265e-02
143 128 1.48773555173668e-03
143 127 1.28827591756956e-04
143 3 -1.15475375414956e-02
144 144 4.65862661152342e-02
144 291 -1.26568752401567e-02
144 290 -9.75288782693355e-03
144 289 6.31496254872103e-03
144 288 -1.42665808269158e-03
144 287 3.52535352425175e-03
144 286 -4.53550112736913e-03
144 285 2.86131186838639e-03
144 284 8.35292195524734e-03
144 283 2.11588224960547e-03
144 188 -8.28554879434366e-03
144 189 2.58191257230873e-03
144 190 2.25528736855891e-03
144 191 -3.43118359436562e-03
144 192 3.51412347977270e-03
144 182 1.87110651848945e-03
144 181 -4.47495044270530e-04
144 180 -2.40493899506417e-03
144 179 -3.43118359436581e-03
144 178 -6.57475882749473e-04
144 129 -1.62391789609842e-03
144 222 2.11588224960635e-03
144 221 8.35292195524690e-03
144 220 3.52535352425121e-03
144 219 2.86131186838628e-03
144 218 -1.42665808269108e-03
144 217 -9.75288782693388e-03
144 216 -4.53550112736859e-03
144 215 6.31496254872108e-03
144 214 -1.26568752401566e-02
144 213 1.84257589527205e-02
144 143 -1.66730459288824e-02
144 292 1.84257589527199e-02
144 145 -1.01672541184386e-02
144 146 2.53330730436315e-03
144 147 3.80036993827827e-04
144 142 -6.57475882749592e-04
144 141 -3.43118359436574e-03
144 140 -2.40493899506413e-03
144 139 -4.47495044270554e-04
144 138 1.87110651848944e-03
144 137 3.51412347977273e-03
144 136 -3.43118359436574e-03
144 135 2.25528736855903e-03
144 134 2.58191257230868e-03
144 133 -8.28554879434368e-03
144 128 -6.65287634762245e-04
144 127 -1.62391789609833e-03
144 3 8.38556291405657e-03
145 145 4.79714627492766e-02
145 291 -4.44105287507372e-03
145 290 7.16716351158588e-03
145 289 6.03068351852266e-03
145 288 -7.78985499343922e-03
145 287 7.16716351158602e-03
145 286 -6.44894040557993e-03
145 285 6.03068351852273e-03
145 284 -4.44105287507373e-03
145 283 -7.55425982870622e-03
145 188 2.95352758877056e-03
145 189 2.25528736855893e-03
145 190 6.77849146770319e-05
145 191 -2.40493899506425e-03
145 192 3.72447117585073e-03
145 182 3.72447117585072e-03
145 181 -2.40493899506427e-03
145 180 6.77849146770343e-05
145 179 2.25528736855890e-03
145 178 2.95352758877059e-03
145 129 -2.24677645767940e-03
145 222 -7.55425982870628e-03
145 221 -4.44105287507373e-03
145 220 7.16716351158589e-03
145 219 6.03068351852266e-03
145 218 -7.78985499343922e-03
145 217 7.16716351158602e-03
145 216 -6.44894040557993e-03
145 215 6.03068351852274e-03
145 214 -4.44105287507373e-03
145 213 -7.55425982870622e-03
145 143 6.55857123893253e-03
145 144 -1.01672541184386e-02
145 292 -7.55425982870628e-03
145 146 -1.01672541184386e-02
145 147 6.55857123893253e-03
145 142 2.95352758877056e-03
145 141 2.25528736855893e-03
145 140 6.77849146770319e-05
145 139 -2.40493899506425e-03
145 138 3.72447117585073e-03
145 137 3.72447117585072e-03
145 136 -2.40493899506427e-03
145 135 6.77849146770344e-05
145 134 2.25528736855890e-03
145 133 2.95352758877059e-03
145 128 -2.58573715834742e-03
145 127 -2.24677645767940e-03
145 3 -2.58573715834742e-03
146 146 4.65862661152342e-02
146 291 8.35292195524690e-03
146 290 3.52535352425120e-03
146 289 2.86131186838628e-03
146 288 -1.42665808269108e-03
146 287 -9.75288782693388e-03
146 286 -4.53550112736859e-03
146 285 6.31496254872108e-03
146 284 -1.26568752401566e-02
146 283 1.84257589527205e-02
146 188 -6.57475882749593e-04
146 189 -3.43118359436574e-03
146 190 -2.40493899506413e-03
146 191 -4.47495044270554e-04
146 192 1.87110651848944e-03
146 182 3.51412347977273e-03
146 181 -3.43118359436574e-03
146 180 2.25528736855903e-03
146 179 2.58191257230867e-03
146 178 -8.28554879434368e-03
146 129 -1.62391789609833e-03
146 222 1.84257589527199e-02
146 221 -1.26568752401567e-02
146 220 -9.75288782693355e-03
146 219 6.31496254872103e-03
146 218 -1.42665808269158e-03
146 217 3.52535352425176e-03
146 216 -4.53550112736913e-03
146 215 2.86131186838639e-03
146 214 8.35292195524734e-03
146 213 2.11588224960547e-03
146 143 3.80036993827827e-04
146 144 2.53330730436315e-03
146 145 -1.01672541184386e-02
146 292 2.11588224960635e-03
146 147 -1.66730459288824e-02
146 142 -8.28554879434366e-03
146 141 2.58191257230873e-03
146 140 2.25528736855891e-03
146 139 -3.43118359436563e-03
146 138 3.51412347977271e-03
146 137 1.87110651848945e-03
146 136 -4.47495044270530e-04
146 135 -2.40493899506417e-03
146 134 -3.43118359436581e-03
146 133 -6.57475882749473e-04
146 128 8.38556291405657e-03
146 127 -1.62391789609842e-03
146 3 -6.65287634762245e-04
147 147 3.86125666720526e-02
147 291 -9.13169492778117e-03
147 290 -5.69142951246309e-03
147 289 -6.10479081483627e-03
147 288 -2.88075618051505e-03
147 287 1.70367033170633e-02
147 286 6.06385402396761e-04
147 285 -3.15186932752498e-03
147 284 1.15339172629544e-02
147 283 -1.74814887794970e-02
147 188 -5.31229394766370e-05
147 189 3.51412347977279e-03
147 190 3.72447117585064e-03
147 191 1.87110651848955e-03
147 192 -3.35315423742913e-04
147 182 -5.31229394766121e-05
147 181 -6.57475882749493e-04
147 180 2.95352758877062e-03
147 179 -8.28554879434370e-03
147 178 1.15287452942265e-02
147 129 1.28827591756956e-04
147 222 -1.74814887794965e-02
147 221 1.15339172629540e-02
147 220 1.70367033170632e-02
147 219 -3.15186932752512e-03
147 218 -2.88075618051487e-03
147 217 -5.69142951246305e-03
147 216 6.06385402397049e-04
147 215 -6.10479081483626e-03
147 214 -9.13169492778083e-03
147 213 -3.18809433054725e-04
147 143 -2.40532596626843e-03
147 144 3.80036993827827e-04
147 145 6.55857123893253e-03
147 146 -1.66730459288824e-02
147 292 -3.18809433054672e-04
147 142 1.15287452942264e-02
147 141 -8.28554879434366e-03
147 140 2.95352758877057e-03
147 139 -6.57475882749414e-04
147 138 -5.31229394766713e-05
147 137 -3.35315423742915e-04
147 136 1.87110651848955e-03
147 135 3.72447117585073e-03
147 134 3.51412347977270e-03
147 133 -5.31229394765455e-05
147 128 -1.15475375414956e-02
147 127 1.28827591757010e-04
147 3 1.48773555173668e-03
148 148 1.93062833360263e-02
148 231 -6.10479081483631e-03
148 230 -3.15186932752505e-03
148 229 -9.13169492778088e-03
148 228 -2.88075618051513e-03
148 227 1.15339172629543e-02
148 226 -3.18809433054983e-04
148 225 -5.69142951246295e-03
148 224 1.70367033170635e-02
148 223 -1.74814887794971e-02
148 158 1.15287452942265e-02
148 159 -8.28554879434368e-03
148 160 2.95352758877059e-03
148 161 -6.57475882749473e-04
148 162 -5.31229394765455e-05
148 157 -3.35315423742846e-04
148 156 1.87110651848957e-03
148 155 3.72447117585066e-03
148 154 3.51412347977276e-03
148 153 -5.31229394766329e-05
148 152 -1.20266298313422e-03
148 151 1.90018496913948e-04
148 150 3.27928561946621e-03
148 149 -8.33652296444113e-03
148 232 6.06385402396480e-04
148 131 1.28827591756898e-04
148 130 7.43867775868267e-04
148 129 -5.77376877074788e-03
149 149 2.32931330576171e-02
149 231 2.86131186838626e-03
149 230 6.31496254872076e-03
149 229 8.35292195524729e-03
149 228 -1.42665808269136e-03
149 227 -1.26568752401568e-02
149 226 2.11588224960587e-03
149 225 3.52535352425176e-03
149 224 -9.75288782693346e-03
149 223 1.84257589527200e-02
149 158 -8.28554879434371e-03
149 159 2.58191257230868e-03
149 160 2.25528736855890e-03
149 161 -3.43118359436581e-03
149 162 3.51412347977270e-03
149 157 1.87110651848949e-03
149 156 -4.47495044270586e-04
149 155 -2.40493899506412e-03
149 154 -3.43118359436565e-03
149 153 -6.57475882749472e-04
149 152 1.90018496914010e-04
149 151 1.26665365218174e-03
149 150 -5.08362705921925e-03
149 232 -4.53550112736916e-03
149 148 -8.33652296444113e-03
149 131 -1.62391789609844e-03
149 130 -3.32643817381123e-04
149 129 4.19278145702822e-03
150 150 2.39857313746382e-02
150 231 6.03068351852266e-03
150 230 6.03068351852252e-03
150 229 -4.44105287507360e-03
150 228 -7.78985499343931e-03
150 227 -4.44105287507372e-03
150 226 -7.55425982870671e-03
150 225 7.16716351158610e-03
150 224 7.16716351158594e-03
150 223 -7.55425982870633e-03
150 158 2.95352758877062e-03
150 159 2.25528736855903e-03
150 160 6.77849146770344e-05
150 161 -2.40493899506417e-03
150 162 3.72447117585073e-03
150 157 3.72447117585069e-03
150 156 -2.40493899506418e-03
150 155 6.77849146770466e-05
150 154 2.25528736855884e-03
150 153 2.95352758877065e-03
150 152 3.27928561946631e-03
150 151 -5.08362705921938e-03
150 232 -6.44894040557999e-03
150 149 -5.08362705921925e-03
150 148 3.27928561946621e-03
150 131 -2.24677645767939e-03
150 130 -1.29286857917382e-03
150 129 -1.29286857917371e-03
151 151 2.32931330576171e-02
151 231 6.31496254872121e-03
151 230 2.86131186838660e-03
151 229 -1.26568752401565e-02
151 228 -1.42665808269172e-03
151 227 8.35292195524730e-03
151 226 1.84257589527195e-02
151 225 -9.75288782693365e-03
151 224 3.52535352425169e-03
151 223 2.11588224960518e-03
151 158 -6.57475882749494e-04
151 159 -3.43118359436574e-03
151 160 -2.40493899506427e-03
151 161 -4.47495044270530e-04
151 162 1.87110651848955e-03
151 157 3.51412347977281e-03
151 156 -3.43118359436566e-03
151 155 2.25528736855893e-03
151 154 2.58191257230873e-03
151 153 -8.28554879434364e-03
151 152 -8.33652296444115e-03
151 232 -4.53550112736966e-03
151 150 -5.08362705921938e-03
151 149 1.26665365218174e-03
151 148 1.90018496913948e-04
151 131 -1.62391789609855e-03
151 130 4.19278145702815e-03
151 129 -3.32643817381275e-04
152 152 1.93062833360262e-02
152 231 -3.15186932752543e-03
152 230 -6.10479081483652e-03
152 229 1.15339172629540e-02
152 228 -2.88075618051465e-03
152 227 -9.13169492778121e-03
152 226 -1.74814887794961e-02
152 225 1.70367033170631e-02
152 224 -5.69142951246303e-03
152 223 -3.18809433054171e-04
152 158 -5.31229394766118e-05
152 159 3.51412347977273e-03
152 160 3.72447117585072e-03
152 161 1.87110651848945e-03
152 162 -3.35315423742915e-04
152 157 -5.31229394767061e-05
152 156 -6.57475882749526e-04
152 155 2.95352758877057e-03
152 154 -8.28554879434371e-03
152 153 1.15287452942263e-02
152 232 6.06385402397292e-04
152 151 -8.33652296444115e-03
152 150 3.27928561946631e-03
152 149 1.90018496914010e-04
152 148 -1.20266298313422e-03
152 131 1.28827591757060e-04
152 130 -5.77376877074769e-03
152 129 7.43867775868476e-04
153 153 3.86125666720523e-02
153 271 -3.15186932752543e-03
153 270 -6.10479081483652e-03
153 269 1.15339172629540e-02
153 268 -2.88075618051465e-03
153 267 -9.13169492778121e-03
153 266 -1.74814887794961e-02
153 265 1.70367033170631e-02
153 264 -5.69142951246303e-03
153 263 -3.18809433054171e-04
153 168 -5.31229394766118e-05
153 169 3.51412347977273e-03
153 170 3.72447117585072e-03
153 171 1.87110651848945e-03
153 172 -3.35315423742915e-04
153 197 -5.31229394767061e-05
153 196 -6.57475882749526e-04
153 195 2.95352758877057e-03
153 194 -8.28554879434371e-03
153 193 1.15287452942263e-02
153 232 -3.18809433053984e-04
153 231 -5.69142951246328e-03
153 230 -9.13169492778101e-03
153 229 1.70367033170630e-02
153 228 -2.88075618051462e-03
153 227 -6.10479081483649e-03
153 226 -1.74814887794958e-02
153 225 1.15339172629539e-02
153 224 -3.15186932752525e-03
153 223 6.06385402397348e-04
153 158 -3.35315423742912e-04
153 159 1.87110651848944e-03
