DBRep_DrawableShape

CASCADE Topology V1, (c) Matra-Datavision
Locations 92
1
              1               0               0               0 
              0               1               0               0 
              0               0               1               0 
1
              1               0               0               0 
              0               1               0               0 
              0               0               1            -0.1 
1
              1               0               0               0 
              0               1               0               0 
              0               0               1               0 
1
              1               0               0               0 
              0               1               0               0 
              0               0               1               0 
1
              1               0               0               0 
              0               1               0               0 
              0               0               1               0 
1
              1               0               0               0 
              0               1               0               0 
              0               0               1               0 
1
              1               0               0               0 
              0               1               0               0 
              0               0               1               0 
2  1 1 2 1 3 1 4 1 5 1 6 1 7 1 0
1
              1               0               0               0 
              0               1               0               0 
              0               0               1             0.2 
1
              1               0               0               0 
              0               1               0               0 
              0               0               1               0 
1
              1               0               0            -0.1 
              0               1               0            -0.1 
              0               0               1               0 
2  10 1 11 1 0
2  11 -1 10 -1 0
2  10 1 11 1 9 1 0
2  10 1 11 1 1 1 2 1 3 1 4 1 5 1 6 1 7 1 0
2  10 1 11 1 9 1 1 1 2 1 3 1 4 1 5 1 6 1 7 1 0
1
              1 -6.12323399573677e-17               0 -7.14835124593802e-21 
6.12323399573677e-17               1               0 -8.09579587752254e-20 
              0               0               1               0 
1
              1 -6.12323399573677e-17               0 -7.14835124593802e-21 
6.12323399573677e-17               1               0 -8.09579587752254e-20 
              0               0               1               0 
1
              1               0               0               0 
              0               1               0               0 
              0               0               1               0 
1
              1               0               0               0 
              0               1               0               0 
              0               0               1               0 
2  17 1 18 1 19 1 20 1 3 1 4 1 5 1 6 1 7 1 0
2  18 -1 17 -1 0
1
              1               0               0              -0 
              0               1               0              -0 
              0               0               1          -0.021 
2  23 -1 18 -1 17 -1 0
1
              1               0               0               0 
              0               1               0               0 
              0               0               1               0 
1
              1               0               0           -0.05 
              0               1               0           -0.05 
              0               0               1               0 
1
              1               0               0               0 
              0               1               0               0 
              0               0               1               0 
1
              1               0               0               0 
              0               1               0               0 
              0               0               1               0 
1
              1               0               0               0 
              0               1               0               0 
              0               0               1               0 
1
              1               0               0               0 
              0               1               0               0 
              0               0               1               0 
2  25 1 26 1 27 1 28 1 29 -1 30 -1 18 -1 17 -1 0
1
              1               0               0               0 
              0               1               0               0 
              0               0               1               0 
1
              1               0               0               0 
              0               1               0               0 
              0               0               1               0 
2  25 1 26 1 27 1 28 1 32 1 33 1 4 -1 3 -1 20 -1 19 -1 18 -1 17 -1 0
2  4 -1 3 -1 20 -1 19 -1 18 -1 17 -1 0
1
              1               0               0 -7.14835124593802e-21 
              0               1               0               0 
              0               0               1               0 
1
              1               0               0 -7.14835124593802e-21 
              0               1               0               0 
              0               0               1               0 
1
              1               0               0               0 
              0               1               0               0 
              0               0               1               0 
1
              1               0               0               0 
              0               1               0               0 
              0               0               1               0 
1
              1               0               0               0 
              0               1               0               0 
              0               0               1               0 
2  36 1 37 1 38 1 39 1 40 1 0
2  40 -1 39 -1 38 -1 37 -1 36 -1 0
1
              1 -6.12323399573677e-17               0 -2.13699353984366e-20 
6.12323399573677e-17               1               0 -3.43649962259388e-20 
              0               0               1               0 
1
              1 -6.12323399573677e-17               0 -2.13699353984366e-20 
6.12323399573677e-17               1               0 -3.43649962259388e-20 
              0               0               1               0 
1
              1               0               0               0 
              0               1               0               0 
              0               0               1               0 
1
              1               0               0               0 
              0               1               0               0 
              0               0               1               0 
2  43 1 44 1 45 1 46 1 7 1 0
2  44 -1 43 -1 0
1
              1               0               0               0 
              0               1               0               0 
              0               0               1           0.015 
2  49 -1 44 -1 43 -1 0
2  17 1 18 1 19 1 20 1 3 1 4 1 5 1 6 1 46 -1 45 -1 44 -1 43 -1 0
2  7 -1 46 -1 45 -1 44 -1 43 -1 0
2  5 1 6 1 7 1 0
2  25 1 26 1 27 1 28 1 32 1 33 1 0
2  26 -1 25 -1 0
2  17 1 18 1 19 1 20 1 3 1 4 1 0
2  45 1 46 1 7 1 0
2  7 -1 46 -1 45 -1 0
2  43 1 44 1 49 1 45 1 46 1 7 1 0
2  27 1 28 1 32 1 33 1 5 1 6 1 7 1 0
1
              1               0               0              -0 
              0               1               0              -0 
              0               0               1         -0.0005 
2  25 1 26 1 0
2  25 1 26 1 61 1 0
2  32 1 33 1 5 1 6 1 7 1 0
2  25 1 26 1 61 1 27 1 28 1 0
2  30 1 29 1 0
2  19 1 20 1 3 1 4 1 33 -1 32 -1 0
2  19 1 20 1 3 1 4 1 0
2  32 1 33 1 0
2  32 1 33 1 4 -1 3 -1 20 -1 19 -1 0
2  17 1 18 1 23 1 19 1 20 1 3 1 4 1 0
2  17 1 18 1 23 1 19 1 20 1 3 1 4 1 5 1 6 1 7 1 0
2  38 1 39 1 40 1 0
2  40 -1 39 -1 38 -1 0
1
              1               0               0              -0 
              0               1               0              -0 
              0               0               1           -0.02 
2  36 1 37 1 75 1 38 1 39 1 40 1 0
2  37 -1 36 -1 0
1
              1               0               0               0 
              0               1               0               0 
              0               0               1               0 
1
              1               0               0               0 
              0               1               0               0 
              0               0               1               0 
1
              1               0               0               0 
              0               1               0               0 
              0               0               1               0 
1
              1               0               0               0 
              0               1               0               0 
              0               0               1               0 
2  78 1 79 1 80 1 81 1 40 1 0
2  79 -1 78 -1 0
1
              1               0               0              -0 
              0               1               0              -0 
              0               0               1           -0.02 
2  84 -1 79 -1 78 -1 0
2  36 1 37 1 38 1 39 1 81 -1 80 -1 79 -1 78 -1 0
2  36 1 37 1 75 1 38 1 39 1 81 -1 80 -1 84 -1 79 -1 78 -1 0
2  36 1 37 1 75 1 38 1 39 1 0
2  78 1 79 1 84 1 80 1 81 1 0
2  80 1 81 1 40 1 0
2  78 1 79 1 0
2  78 1 79 1 84 1 0
Curve2ds 296
1 -0.10000000000000003 -0.10000000000000003 1 0 
1 -0.10000000000000003 0.099999999999999978 0 -1 
1 0.099999999999999978 -0.10000000000000003 0 1 
1 0.099999999999999978 0.099999999999999978 -1 0 
1 0.0025000000000000001 1.7045229155639061e-19 -0.25881904510252085 0.96592582628906831 
1 0 0 1 0 
1 0 -0.021000000000000001 1 0 
1 0.0024999999999999883 -1.3877787807814457e-17 -0.25881904510252091 0.9659258262890682 
1 0.0024999999999999883 -1.3877787807814457e-17 -0.25881904510252091 0.9659258262890682 
1 0.0021650635094610962 -0.0012500000000000009 0.25881904510252091 0.96592582628906831 
1 0 0 1 0 
1 0 -0.021000000000000001 1 0 
1 0.0021650635094610793 -0.001250000000000015 0.25881904510252079 0.96592582628906831 
1 0.0021650635094610793 -0.001250000000000015 0.25881904510252079 0.96592582628906831 
1 0.0021650635094610966 0.00125 -0.70710678118654746 0.70710678118654779 
1 0 0 1 0 
1 0 -0.021000000000000001 1 0 
1 0.0021650635094610793 0.0012499999999999872 -0.70710678118654746 0.70710678118654757 
1 0.0021650635094610793 0.0012499999999999872 -0.70710678118654746 0.70710678118654757 
1 0.0012499999999999983 -0.0021650635094610975 0.70710678118654813 0.70710678118654691 
1 0 0 1 0 
1 0 -0.021000000000000001 1 0 
1 0.0012499999999999872 -0.002165063509461114 0.70710678118654802 0.70710678118654702 
1 0.0012499999999999872 -0.002165063509461114 0.70710678118654802 0.70710678118654702 
1 0.0012500000000000002 0.0021650635094610966 -0.96592582628906831 0.25881904510252085 
1 0 0 1 0 
1 0 -0.021000000000000001 1 0 
1 0.0012499999999999872 0.0021650635094610793 -0.96592582628906831 0.25881904510252074 
1 0.0012499999999999872 0.0021650635094610793 -0.96592582628906831 0.25881904510252074 
1 -4.8651491632927989e-19 -0.0025000000000000001 0.96592582628906842 0.25881904510252046 
1 0 0 1 0 
1 0 -0.021000000000000001 1 0 
1 -1.3877787807814457e-17 -0.0025000000000000161 0.96592582628906831 0.25881904510252052 
1 -1.3877787807814457e-17 -0.0025000000000000161 0.96592582628906831 0.25881904510252052 
1 1.2580848324439665e-19 0.0025000000000000001 -0.96592582628906831 -0.25881904510252091 
1 0 0 1 0 
1 -0 -0.021000000000000001 1 0 
1 -1.3877787807814457e-17 0.0024999999999999883 -0.9659258262890682 -0.25881904510252096 
1 -1.3877787807814457e-17 0.0024999999999999883 -0.9659258262890682 -0.25881904510252096 
1 -0.0012500000000000011 -0.0021650635094610962 0.9659258262890682 -0.25881904510252096 
1 0 0 1 0 
1 0 -0.021000000000000001 1 0 
1 -0.001250000000000015 -0.002165063509461107 0.96592582628906831 -0.25881904510252091 
1 -0.001250000000000015 -0.002165063509461107 0.96592582628906831 -0.25881904510252091 
1 -0.0012499999999999994 0.0021650635094610966 -0.70710678118654802 -0.70710678118654713 
1 0 0 1 0 
1 -0 -0.021000000000000001 1 0 
1 -0.001250000000000015 0.0021650635094610793 -0.70710678118654791 -0.70710678118654724 
1 -0.001250000000000015 0.0021650635094610793 -0.70710678118654791 -0.70710678118654724 
1 -0.0021650635094610971 -0.0012499999999999992 0.70710678118654724 -0.70710678118654791 
1 0 0 1 0 
1 0 -0.021000000000000001 1 0 
1 -0.002165063509461114 -0.001250000000000015 0.70710678118654735 -0.70710678118654779 
1 -0.002165063509461114 -0.001250000000000015 0.70710678118654735 -0.70710678118654779 
1 -0.0021650635094610962 0.0012500000000000011 -0.25881904510252096 -0.9659258262890682 
1 0 0 1 0 
1 -0 -0.021000000000000001 1 0 
1 -0.002165063509461107 0.0012499999999999872 -0.25881904510252091 -0.96592582628906831 
1 -0.002165063509461107 0.0012499999999999872 -0.25881904510252091 -0.96592582628906831 
1 -0.0025000000000000001 4.7661399134322891e-19 0.25881904510252057 -0.96592582628906842 
1 0 0 1 0 
1 0 -0.021000000000000001 1 0 
1 -0.0025000000000000161 -1.3877787807814457e-17 0.25881904510252068 -0.96592582628906842 
1 -0.0025000000000000161 -1.3877787807814457e-17 0.25881904510252068 -0.96592582628906842 
1 0.0020699999999999998 -1.6468820440230979e-20 -0.25881904510252079 0.96592582628906831 
1 0.0017926725858337879 0.0010349999999999997 -0.70710678118654746 0.70710678118654768 
1 0.0010350000000000001 0.0017926725858337877 -0.9659258262890682 0.25881904510252091 
1 1.2675094371175105e-19 0.0020699999999999998 -0.96592582628906831 -0.25881904510252079 
1 -0.0010349999999999995 0.0017926725858337879 -0.70710678118654779 -0.70710678118654724 
1 -0.0017926725858337874 0.0010350000000000005 -0.25881904510252102 -0.9659258262890682 
1 -0.0020699999999999998 2.3703306698327112e-19 0.25881904510252063 -0.96592582628906842 
1 -0.0017926725858337881 -0.0010349999999999992 0.70710678118654724 -0.70710678118654779 
1 -0.0010350000000000008 -0.0017926725858337872 0.9659258262890682 -0.25881904510252118 
1 -3.8025283113525311e-19 -0.0020699999999999998 0.96592582628906842 0.25881904510252035 
1 0.0010349999999999986 -0.0017926725858337885 0.70710678118654802 0.70710678118654713 
1 0.0017926725858337872 -0.0010350000000000008 0.25881904510252107 0.9659258262890682 
1 0.001 5.5396994755826944e-20 -0.25881904510252074 0.96592582628906831 
1 0 0 1 0 
1 0 -0.014999999999999999 1 0 
1 0.001 2.6363821665496369e-19 -0.25881904510252074 0.96592582628906831 
1 0.00086602540378443837 -0.00050000000000000034 0.25881904510252113 0.9659258262890682 
1 0 0 1 0 
1 0 -0.014999999999999999 1 0 
1 0.00086602540378443837 -0.00050000000000000012 0.25881904510252113 0.9659258262890682 
1 0.0008660254037844387 0.00050000000000000001 -0.70710678118654746 0.70710678118654768 
1 0 0 1 0 
1 0 -0.014999999999999999 1 0 
1 0.0008660254037844387 0.00050000000000000023 -0.70710678118654746 0.70710678118654768 
1 0.00049999999999999936 -0.00086602540378443891 0.70710678118654791 0.70710678118654713 
1 0 0 1 0 
1 0 -0.014999999999999999 1 0 
1 0.00049999999999999936 -0.0008660254037844387 0.70710678118654791 0.70710678118654713 
1 0.00050000000000000012 0.0008660254037844387 -0.96592582628906831 0.25881904510252091 
1 0 0 1 0 
1 0 -0.014999999999999999 1 0 
1 0.00050000000000000012 0.00086602540378443891 -0.96592582628906831 0.25881904510252091 
1 -1.7517440529428345e-19 -0.001 0.96592582628906853 0.25881904510252035 
1 0 0 1 0 
1 0 -0.014999999999999999 1 0 
1 -2.3941255482612268e-19 -0.0009999999999999998 0.96592582628906853 0.25881904510252035 
1 6.9754954535187181e-20 0.001 -0.96592582628906831 -0.25881904510252074 
1 0 0 1 0 
1 0 -0.014999999999999999 1 0 
1 5.5168050033479442e-21 0.0010000000000000002 -0.96592582628906831 -0.25881904510252074 
1 -0.00050000000000000044 -0.00086602540378443826 0.9659258262890682 -0.25881904510252124 
1 0 0 1 0 
1 0 -0.014999999999999999 1 0 
1 -0.00050000000000000044 -0.00086602540378443804 0.9659258262890682 -0.25881904510252124 
1 -0.00049999999999999979 0.0008660254037844388 -0.70710678118654791 -0.70710678118654724 
1 0 0 1 0 
1 0 -0.014999999999999999 1 0 
1 -0.00049999999999999979 0.00086602540378443902 -0.70710678118654791 -0.70710678118654724 
1 -0.0008660254037844388 -0.00049999999999999958 0.70710678118654724 -0.70710678118654791 
1 0 0 1 0 
1 0 -0.014999999999999999 1 0 
1 -0.0008660254037844388 -0.00049999999999999936 0.70710678118654724 -0.70710678118654791 
1 -0.00086602540378443848 0.00050000000000000044 -0.25881904510252102 -0.96592582628906831 
1 0 0 1 0 
1 0 -0.014999999999999999 1 0 
1 -0.00086602540378443848 0.00050000000000000066 -0.25881904510252102 -0.96592582628906831 
1 -0.001 1.7786167467056227e-19 0.25881904510252063 -0.96592582628906831 
1 0 0 1 0 
1 0 -0.014999999999999999 1 0 
1 -0.001 3.8610289656969898e-19 0.25881904510252063 -0.96592582628906831 
1 -0.050000000000000017 -0.050000000000000017 1 0 
1 -0.050000000000000017 0.049999999999999989 0 -1 
1 0.049999999999999989 -0.050000000000000017 0 1 
1 0.049999999999999989 0.049999999999999989 -1 0 
1 0 0 0 -1 
1 0.00051763809020504196 0 0 -1 
1 0.00051763809020504152 0 0 -1 
1 0 0 0 -1 
1 0.00051763809020504152 0 0 -1 
1 0 0 0 -1 
1 0.00051763809020504163 0 0 -1 
1 0 0 0 -1 
1 0.00051763809020504131 0 0 -1 
1 0 0 0 -1 
1 0.00051763809020504131 0 0 -1 
1 0 0 0 -1 
1 0.00051763809020504174 0 0 -1 
1 0 0 0 -1 
1 0.00051763809020504131 0 0 -1 
1 0 0 0 -1 
1 0.00051763809020504131 0 0 -1 
1 0 0 0 -1 
1 0.00051763809020504185 0 0 -1 
1 0 0 0 -1 
1 0.00051763809020504109 0 0 -1 
1 0 0 0 -1 
1 0.00051763809020504174 0 0 -1 
1 0 0 0 -1 
8 -0.00032352380637815591 0.00097057141913444757
1 0.0024162658773652589 0.00031249999999999106 -0.25881904510252091 0.9659258262890682 
8 -0.00032352380637815591 0.00097057141913444757
1 0.00032352380637815591 -0.00050000000000000001 1 0 
1 0.00032352380637815591 -0.00050000000000000001 1 0 
8 -0.00032352380637815103 0.00097057141913445288
1 0.0019362976320958084 0.00147876587736526 -0.70710678118654746 0.70710678118654757 
8 -0.00032352380637815103 0.00097057141913445288
1 0.00032352380637815103 -0.00050000000000000001 1 0 
1 0.00032352380637815103 -0.00050000000000000001 1 0 
8 -0.0003235238063781461 0.00097057141913445798
1 0.00093749999999999086 0.0022487976320958074 -0.96592582628906831 0.25881904510252074 
8 -0.0003235238063781461 0.00097057141913445798
1 0.0003235238063781461 -0.00050000000000000001 1 0 
1 0.0003235238063781461 -0.00050000000000000001 1 0 
8 -0.00032352380637814274 0.0009705714191344608
1 -0.00031250000000000597 0.0024162658773652619 -0.9659258262890682 -0.25881904510252096 
8 -0.00032352380637814274 0.0009705714191344608
1 0.00032352380637814274 -0.00050000000000000001 1 0 
1 0.00032352380637814268 -0.00050000000000000001 1 0 
8 -0.00032352380637814073 0.00097057141913446296
1 -0.0014787658773652806 0.001936297632095816 -0.70710678118654791 -0.70710678118654724 
8 -0.00032352380637814073 0.00097057141913446296
1 0.00032352380637814073 -0.00050000000000000001 1 0 
1 0.00032352380637814079 -0.00050000000000000001 1 0 
8 -0.00032352380637814263 0.0009705714191344621
1 -0.0022487976320958343 0.00093749999999999476 -0.25881904510252091 -0.96592582628906831 
8 -0.00032352380637814263 0.0009705714191344621
1 0.00032352380637814263 -0.00050000000000000001 1 0 
1 0.00032352380637814263 -0.00050000000000000001 1 0 
8 -0.00032352380637814583 0.00097057141913445765
1 -0.0024162658773652897 -0.00031250000000000911 0.25881904510252068 -0.96592582628906842 
8 -0.00032352380637814583 0.00097057141913445765
1 0.00032352380637814583 -0.00050000000000000001 1 0 
1 0.00032352380637814588 -0.00050000000000000001 1 0 
8 -0.00032352380637815092 0.00097057141913445256
1 -0.0019362976320958371 -0.001478765877365288 0.70710678118654735 -0.70710678118654779 
8 -0.00032352380637815092 0.00097057141913445256
1 0.00032352380637815092 -0.00050000000000000001 1 0 
1 0.00032352380637815092 -0.00050000000000000001 1 0 
8 -0.00032352380637815635 0.00097057141913444844
1 -0.00093750000000000972 -0.0022487976320958378 0.96592582628906831 -0.25881904510252091 
8 -0.00032352380637815635 0.00097057141913444844
1 0.00032352380637815635 -0.00050000000000000001 1 0 
1 0.00032352380637815635 -0.00050000000000000001 1 0 
8 -0.00032352380637815916 0.00097057141913444323
1 0.00031249999999999399 -0.0024162658773652862 0.96592582628906831 0.25881904510252052 
8 -0.00032352380637815916 0.00097057141913444323
1 0.00032352380637815916 -0.00050000000000000001 1 0 
1 0.00032352380637815911 -0.00050000000000000001 1 0 
8 -0.00032352380637816084 0.00097057141913444367
1 0.0014787658773652659 -0.0019362976320958303 0.70710678118654802 0.70710678118654702 
8 -0.00032352380637816084 0.00097057141913444367
1 0.00032352380637816084 -0.00050000000000000001 1 0 
1 0.00032352380637816084 -0.00050000000000000001 1 0 
8 -0.00032352380637816009 0.0009705714191344454
1 0.0022487976320958109 -0.00093750000000000625 0.25881904510252079 0.96592582628906831 
8 -0.00032352380637816009 0.0009705714191344454
1 0.00032352380637816009 -0.00050000000000000001 1 0 
1 0.00032352380637816009 -0.00050000000000000001 1 0 
1 0.0012940952255126033 0 0 -1 
1 0 0 0 -1 
1 0 0 0 -1 
1 0.0012940952255126054 0 0 -1 
1 0.0012940952255126039 0 0 -1 
1 0 0 0 -1 
1 0.0012940952255126041 0 0 -1 
1 0 0 0 -1 
1 0.001294095225512603 0 0 -1 
1 0 0 0 -1 
1 0.0012940952255126037 0 0 -1 
1 0 0 0 -1 
1 0.0012940952255126048 0 0 -1 
1 0 0 0 -1 
1 0.0012940952255126035 0 0 -1 
1 0 0 0 -1 
1 0.0012940952255126033 0 0 -1 
1 0 0 0 -1 
1 0.0012940952255126048 0 0 -1 
1 0 0 0 -1 
1 0.0012940952255126024 0 0 -1 
1 0 0 0 -1 
1 0.0012940952255126046 0 0 -1 
1 0 0 0 -1 
1 0.00059999999999999995 0 -0.25881904510252091 0.96592582628906831 
1 0 0 1 0 
1 0 -0.02 1 0 
1 0.00059999999999999995 -1.6468820440230979e-20 -0.25881904510252091 0.96592582628906831 
1 0.00059999999999999995 -1.6468820440230979e-20 -0.25881904510252091 0.96592582628906831 
1 0.00051961524227066302 -0.00030000000000000024 0.25881904510252091 0.9659258262890682 
1 0 0 1 0 
1 0 -0.02 1 0 
1 0.00051961524227066302 -0.00030000000000000024 0.25881904510252091 0.9659258262890682 
1 0.00051961524227066302 -0.00030000000000000024 0.25881904510252091 0.9659258262890682 
1 0.00051961524227066313 0.00029999999999999992 -0.70710678118654735 0.70710678118654768 
1 0 0 1 0 
1 0 -0.02 1 0 
1 0.00051961524227066313 0.00029999999999999992 -0.70710678118654735 0.70710678118654768 
1 0.00051961524227066313 0.00029999999999999992 -0.70710678118654735 0.70710678118654768 
1 0.00029999999999999959 -0.00051961524227066335 0.70710678118654802 0.70710678118654702 
1 0 0 1 0 
1 0 -0.02 1 0 
1 0.00029999999999999959 -0.00051961524227066335 0.70710678118654802 0.70710678118654702 
1 0.00029999999999999959 -0.00051961524227066335 0.70710678118654802 0.70710678118654702 
1 0.00030000000000000003 0.00051961524227066313 -0.96592582628906831 0.25881904510252085 
1 0 0 1 0 
1 0 -0.02 1 0 
1 0.00030000000000000003 0.00051961524227066313 -0.96592582628906831 0.25881904510252085 
1 0.00030000000000000003 0.00051961524227066313 -0.96592582628906831 0.25881904510252085 
1 -1.0666712251583697e-19 -0.00059999999999999995 0.96592582628906842 0.25881904510252041 
1 0 0 1 0 
1 0 -0.02 1 0 
1 -9.5921509431385737e-20 -0.00059999999999999995 0.96592582628906842 0.25881904510252041 
1 -9.5921509431385737e-20 -0.00059999999999999995 0.96592582628906842 0.25881904510252041 
1 4.0290493381845398e-20 0.00059999999999999995 -0.96592582628906831 -0.25881904510252091 
1 0 0 1 0 
1 -0 -0.02 1 0 
1 5.1036106466296631e-20 0.00059999999999999995 -0.96592582628906831 -0.25881904510252091 
1 5.1036106466296631e-20 0.00059999999999999995 -0.96592582628906831 -0.25881904510252091 
1 -0.00030000000000000024 -0.00051961524227066302 0.9659258262890682 -0.25881904510252102 
1 0 0 1 0 
1 0 -0.02 1 0 
1 -0.00030000000000000024 -0.00051961524227066302 0.9659258262890682 -0.25881904510252102 
1 -0.00030000000000000024 -0.00051961524227066302 0.9659258262890682 -0.25881904510252102 
1 -0.00029999999999999987 0.00051961524227066313 -0.70710678118654791 -0.70710678118654724 
1 0 0 1 0 
1 -0 -0.02 1 0 
1 -0.00029999999999999987 0.00051961524227066313 -0.70710678118654791 -0.70710678118654724 
1 -0.00029999999999999987 0.00051961524227066313 -0.70710678118654791 -0.70710678118654724 
1 -0.00051961524227066324 -0.00029999999999999981 0.70710678118654724 -0.70710678118654791 
1 0 0 1 0 
1 0 -0.02 1 0 
1 -0.00051961524227066324 -0.00029999999999999981 0.70710678118654724 -0.70710678118654791 
1 -0.00051961524227066324 -0.00029999999999999981 0.70710678118654724 -0.70710678118654791 
1 -0.00051961524227066302 0.00030000000000000019 -0.25881904510252102 -0.9659258262890682 
1 0 0 1 0 
1 -0 -0.02 1 0 
1 -0.00051961524227066302 0.00030000000000000019 -0.25881904510252102 -0.9659258262890682 
1 -0.00051961524227066302 0.00030000000000000019 -0.25881904510252102 -0.9659258262890682 
1 -0.00059999999999999995 7.3478807948841184e-20 0.25881904510252057 -0.96592582628906831 
1 0 0 1 0 
1 0 -0.02 1 0 
1 -0.00059999999999999995 5.7009987508610199e-20 0.25881904510252057 -0.96592582628906831 
1 -0.00059999999999999995 5.7009987508610199e-20 0.25881904510252057 -0.96592582628906831 
1 0 0 0 -1 
1 0.00031058285412302518 0 0 -1 
1 0.00031058285412302486 0 0 -1 
1 0 0 0 -1 
1 0.00031058285412302486 0 0 -1 
1 0 0 0 -1 
1 0.00031058285412302491 0 0 -1 
1 0 0 0 -1 
1 0.00031058285412302486 0 0 -1 
1 0 0 0 -1 
1 0.0003105828541230247 0 0 -1 
1 0 0 0 -1 
1 0.00031058285412302508 0 0 -1 
1 0 0 0 -1 
1 0.00031058285412302475 0 0 -1 
1 0 0 0 -1 
1 0.0003105828541230248 0 0 -1 
1 0 0 0 -1 
1 0.00031058285412302508 0 0 -1 
1 0 0 0 -1 
1 0.00031058285412302459 0 0 -1 
1 0 0 0 -1 
1 0.00031058285412302502 0 0 -1 
1 0 0 0 -1 
Curves 124
1 -0.10000000000000001 -0.10000000000000001 0 0 0 1 
1 0.10000000000000001 -0.10000000000000001 0 0 0 1 
1 0 0 0 1 0 0 
1 -0.10000000000000001 0.10000000000000001 0 0 0 1 
1 0 0.20000000000000001 0 0 -1 0 
1 0.10000000000000001 0.10000000000000001 0 0 0 1 
1 0.20000000000000001 0 0 0 1 0 
1 0.20000000000000001 0.20000000000000001 0 -1 0 0 
1 0.0025000000000000001 0 0 -0.25881904510252085 0.96592582628906842 0 
1 0.0021650635094610962 -0.0012500000000000011 0 0.25881904510252091 0.96592582628906831 0 
1 0.0021650635094610966 0.0012499999999999998 0 -0.70710678118654746 0.70710678118654779 0 
1 0.0012499999999999983 -0.0021650635094610975 0 0.70710678118654813 0.70710678118654691 0 
1 0.0012500000000000002 0.0021650635094610966 0 -0.9659258262890682 0.25881904510252079 0 
1 -4.592425496802574e-19 -0.0025000000000000001 0 0.96592582628906831 0.25881904510252041 0 
1 1.5308084989341915e-19 0.0025000000000000001 0 -0.9659258262890682 -0.25881904510252085 0 
1 -0.0012500000000000011 -0.0021650635094610962 0 0.9659258262890682 -0.25881904510252096 0 
1 -0.0012499999999999994 0.0021650635094610966 0 -0.70710678118654802 -0.70710678118654713 0 
1 -0.0021650635094610971 -0.0012499999999999994 0 0.70710678118654724 -0.70710678118654791 0 
1 -0.0021650635094610962 0.0012500000000000009 0 -0.25881904510252096 -0.9659258262890682 0 
1 -0.0025000000000000001 3.061616997868383e-19 0 0.25881904510252057 -0.96592582628906842 0 
1 0.0020699999999999998 0 0 -0.25881904510252074 0.9659258262890682 0 
1 0.0017926725858337879 0.0010349999999999997 0 -0.70710678118654746 0.70710678118654768 0 
1 0.0010350000000000001 0.0017926725858337877 0 -0.9659258262890682 0.25881904510252091 0 
1 1.2675094371175105e-19 0.0020699999999999998 0 -0.9659258262890682 -0.25881904510252074 0 
1 -0.0010349999999999995 0.0017926725858337879 0 -0.70710678118654779 -0.70710678118654724 0 
1 -0.0017926725858337874 0.0010350000000000005 0 -0.25881904510252102 -0.9659258262890682 0 
1 -0.0020699999999999998 2.535018874235021e-19 0 0.25881904510252063 -0.96592582628906842 0 
1 -0.0017926725858337881 -0.0010349999999999992 0 0.70710678118654724 -0.70710678118654779 0 
1 -0.0010350000000000008 -0.0017926725858337872 0 0.96592582628906809 -0.25881904510252113 0 
1 -3.8025283113525311e-19 -0.0020699999999999998 0 0.96592582628906842 0.25881904510252035 0 
1 0.0010349999999999986 -0.0017926725858337885 0 0.70710678118654791 0.70710678118654702 0 
1 0.0017926725858337872 -0.0010350000000000008 0 0.25881904510252107 0.9659258262890682 0 
1 0.001 0 0 -0.25881904510252074 0.96592582628906831 0 
1 0.00086602540378443837 -0.00050000000000000044 0 0.25881904510252107 0.96592582628906809 0 
1 0.0008660254037844387 0.0004999999999999999 0 -0.70710678118654735 0.70710678118654757 0 
1 0.00049999999999999936 -0.00086602540378443902 0 0.70710678118654791 0.70710678118654713 0 
1 0.00050000000000000012 0.00086602540378443859 0 -0.96592582628906831 0.25881904510252091 0 
1 -1.8369701987210298e-19 -0.001 0 0.96592582628906853 0.25881904510252035 0 
1 6.1232339957367657e-20 0.001 0 -0.96592582628906831 -0.25881904510252074 0 
1 -0.00050000000000000044 -0.00086602540378443837 0 0.96592582628906809 -0.25881904510252118 0 
1 -0.00049999999999999979 0.0008660254037844387 0 -0.70710678118654779 -0.70710678118654713 0 
1 -0.0008660254037844388 -0.00049999999999999969 0 0.70710678118654713 -0.70710678118654779 0 
1 -0.00086602540378443848 0.00050000000000000034 0 -0.25881904510252102 -0.96592582628906831 0 
1 -0.001 1.2246467991473531e-19 0 0.25881904510252063 -0.96592582628906831 0 
1 0 0 0 1 0 0 
1 0 0.10000000000000001 0 0 -1 0 
1 0.10000000000000001 0 0 0 1 0 
1 0.10000000000000001 0.10000000000000001 0 -1 0 0 
1 0.001 5.3734687462857662e-20 0 0 0 1 
1 0.00086602540378443859 0.0004999999999999999 0 0 0 1 
1 0.00050000000000000001 0.00086602540378443859 0 0 0 1 
1 -1.0397221075424092e-19 0.001 0 0 0 1 
1 -0.0004999999999999999 0.00086602540378443848 0 0 0 1 
1 -0.00086602540378443859 0.00050000000000000012 0 0 0 1 
1 -0.001 -6.8729992451877652e-20 0 0 0 1 
1 -0.0008660254037844387 -0.0004999999999999999 0 0 0 1 
1 -0.00050000000000000034 -0.00086602540378443859 0 0 0 1 
1 -1.0397221075424093e-19 -0.001 0 0 0 1 
1 0.00049999999999999947 -0.00086602540378443902 0 0 0 1 
1 0.00086602540378443848 -0.00050000000000000044 0 0 0 1 
1 -0.050000000000000003 -0.050000000000000003 0 -0 -0 -1 
1 0.050000000000000003 -0.050000000000000003 0 -0 -0 -1 
1 -0.050000000000000003 0.050000000000000003 0 -0 -0 -1 
1 0.050000000000000003 0.050000000000000003 0 -0 -0 -1 
1 0.0024162658773652728 0.00031250000000000494 -0.00050000000000000001 -0.25881904510252091 0.9659258262890682 0 
1 0.0019362976320958223 0.0014787658773652739 -0.00050000000000000001 -0.70710678118654746 0.70710678118654757 0 
1 0.00093750000000000474 0.0022487976320958213 -0.00050000000000000001 -0.96592582628906831 0.25881904510252074 0 
1 -0.00031249999999999209 0.0024162658773652758 -0.00050000000000000001 -0.9659258262890682 -0.25881904510252096 0 
1 -0.0014787658773652668 0.0019362976320958299 -0.00050000000000000001 -0.70710678118654791 -0.70710678118654724 0 
1 -0.0022487976320958204 0.00093750000000000864 -0.00050000000000000001 -0.25881904510252091 -0.96592582628906831 0 
1 -0.0024162658773652758 -0.00031249999999999524 -0.00050000000000000001 0.25881904510252068 -0.96592582628906842 0 
1 -0.0019362976320958232 -0.0014787658773652741 -0.00050000000000000001 0.70710678118654735 -0.70710678118654779 0 
1 -0.00093749999999999585 -0.0022487976320958239 -0.00050000000000000001 0.96592582628906831 -0.25881904510252091 0 
1 0.00031250000000000787 -0.0024162658773652724 -0.00050000000000000001 0.96592582628906831 0.25881904510252052 -0 
1 0.0014787658773652798 -0.0019362976320958165 -0.00050000000000000001 0.70710678118654802 0.70710678118654702 -0 
1 0.0022487976320958248 -0.00093749999999999238 -0.00050000000000000001 0.25881904510252079 0.96592582628906831 -0 
1 0.0021650635094610966 0.0012499999999999998 0 -0 -0 -1 
1 0.0025000000000000001 1.4424578223638757e-19 0 -0 -0 -1 
1 0.00125 0.0021650635094610966 0 -0 -0 -1 
1 -1.6737755238529519e-19 0.0025000000000000001 0 -0 -0 -1 
1 -0.0012499999999999996 0.0021650635094610966 0 -0 -0 -1 
1 -0.0021650635094610962 0.0012500000000000005 0 -0 -0 -1 
1 -0.0025000000000000001 -1.6191591755045073e-19 0 -0 -0 -1 
1 -0.0021650635094610971 -0.0012499999999999998 0 -0 -0 -1 
1 -0.0012500000000000009 -0.0021650635094610962 0 -0 -0 -1 
1 -1.6737755238529514e-19 -0.0025000000000000001 0 -0 -0 -1 
1 0.0012499999999999985 -0.0021650635094610975 0 -0 -0 -1 
1 0.0021650635094610962 -0.0012500000000000011 0 -0 -0 -1 
1 0.0020699999999999998 0 0 -0 -0 -1 
1 0.0017926725858337879 0.0010349999999999997 0 -0 -0 -1 
1 0.0017926725858337872 -0.0010350000000000008 0 -0 -0 -1 
1 0.0010350000000000001 0.0017926725858337877 0 -0 -0 -1 
1 0.00059999999999999995 0 0 -0.25881904510252085 0.9659258262890682 0 
1 0.00051961524227066302 -0.00030000000000000024 0 0.25881904510252091 0.9659258262890682 0 
1 0.00051961524227066313 0.00029999999999999992 0 -0.70710678118654735 0.70710678118654768 0 
1 0.00029999999999999959 -0.00051961524227066335 0 0.70710678118654802 0.70710678118654702 0 
1 0.00030000000000000003 0.00051961524227066313 0 -0.9659258262890682 0.25881904510252079 0 
1 -1.1021821192326178e-19 -0.00059999999999999995 0 0.96592582628906831 0.25881904510252035 0 
1 3.6739403974420592e-20 0.00059999999999999995 0 -0.9659258262890682 -0.25881904510252085 0 
1 -0.00030000000000000024 -0.00051961524227066302 0 0.9659258262890682 -0.25881904510252102 0 
1 -0.00029999999999999987 0.00051961524227066313 0 -0.70710678118654779 -0.70710678118654713 0 
1 -0.00051961524227066324 -0.00029999999999999981 0 0.70710678118654713 -0.70710678118654779 0 
1 -0.00051961524227066302 0.00030000000000000019 0 -0.25881904510252102 -0.9659258262890682 0 
1 -0.00059999999999999995 7.3478807948841184e-20 0 0.25881904510252057 -0.96592582628906831 0 
1 0.0010349999999999986 -0.0017926725858337885 0 -0 -0 -1 
1 1.1245424121987501e-19 0.0020699999999999998 0 -0 -0 -1 
1 -3.9454953362712915e-19 -0.0020699999999999998 0 -0 -0 -1 
1 -0.0010349999999999995 0.0017926725858337879 0 -0 -0 -1 
1 -0.0010350000000000008 -0.0017926725858337872 0 -0 -0 -1 
1 -0.0017926725858337874 0.0010350000000000005 0 -0 -0 -1 
1 -0.0017926725858337881 -0.0010349999999999992 0 -0 -0 -1 
1 -0.0020699999999999998 2.535018874235021e-19 0 -0 -0 -1 
1 0.00059999999999999995 0 0 -0 -0 -1 
1 0.00051961524227066313 0.00029999999999999992 0 -0 -0 -1 
1 0.00030000000000000003 0.00051961524227066313 0 -0 -0 -1 
1 3.6739403974420592e-20 0.00059999999999999995 0 -0 -0 -1 
1 -0.00029999999999999987 0.00051961524227066313 0 -0 -0 -1 
1 -0.00051961524227066302 0.00030000000000000019 0 -0 -0 -1 
1 -0.00059999999999999995 7.3478807948841184e-20 0 -0 -0 -1 
1 -0.00051961524227066324 -0.00029999999999999981 0 -0 -0 -1 
1 -0.00030000000000000024 -0.00051961524227066302 0 -0 -0 -1 
1 -1.1021821192326178e-19 -0.00059999999999999995 0 -0 -0 -1 
1 0.00029999999999999959 -0.00051961524227066335 0 -0 -0 -1 
1 0.00051961524227066302 -0.00030000000000000024 0 -0 -0 -1 
Polygon3D 0
PolygonOnTriangulations 0
Surfaces 62
1 -0.10000000000000001 -0.10000000000000001 0 0 1 0 1 0 0 0 0 -1 
1 0.10000000000000003 0.10000000000000003 0 0 0 1 1 0 -0 -0 1 0 
1 -0.10000000000000001 0.10000000000000001 0 1 0 -0 0 -1 0 0 -0 -1 
1 0.10000000000000001 -0.10000000000000001 0 -1 0 0 0 1 0 0 0 -1 
1 0.10000000000000001 0.10000000000000001 0 0 -1 0 -1 0 0 -0 -0 -1 
1 2.72723666490225e-20 -1.7045229155639061e-19 0 0 0 1 1 0 -0 -0 1 0 
1 0.0025000000000000001 1.4424578223638757e-19 0 0.9659258262890682 0.25881904510252091 -0 -0.25881904510252091 0.9659258262890682 0 0 0 1 
1 0.050000000000000017 0.050000000000000017 0 0 0 1 1 0 -0 -0 1 0 
1 0.0021650635094610962 -0.0012500000000000011 0 0.96592582628906831 -0.25881904510252079 0 0.25881904510252079 0.96592582628906831 0 -0 0 1 
1 0.0021650635094610966 0.0012499999999999998 0 0.70710678118654757 0.70710678118654746 -0 -0.70710678118654746 0.70710678118654757 0 0 0 1 
1 0.0012499999999999985 -0.0021650635094610975 0 0.70710678118654702 -0.70710678118654802 0 0.70710678118654802 0.70710678118654702 0 -0 0 1 
1 0.00125 0.0021650635094610966 0 0.25881904510252074 0.96592582628906831 -0 -0.96592582628906831 0.25881904510252074 0 0 0 1 
1 -1.6737755238529514e-19 -0.0025000000000000001 0 0.25881904510252052 -0.96592582628906831 0 0.96592582628906831 0.25881904510252052 0 -0 0 1 
1 -1.6737755238529519e-19 0.0025000000000000001 0 -0.25881904510252096 0.9659258262890682 0 -0.9659258262890682 -0.25881904510252096 0 0 0 1 
1 -0.0012500000000000009 -0.0021650635094610962 0 -0.25881904510252091 -0.96592582628906831 0 0.96592582628906831 -0.25881904510252091 0 0 0 1 
1 -0.0012499999999999996 0.0021650635094610966 0 -0.70710678118654724 0.70710678118654791 0 -0.70710678118654791 -0.70710678118654724 0 0 0 1 
1 -0.0021650635094610971 -0.0012499999999999998 0 -0.70710678118654779 -0.70710678118654735 0 0.70710678118654735 -0.70710678118654779 0 0 0 1 
1 -0.0021650635094610962 0.0012500000000000005 0 -0.96592582628906831 0.25881904510252091 0 -0.25881904510252091 -0.96592582628906831 0 0 0 1 
1 -0.0025000000000000001 -1.6191591755045073e-19 0 -0.96592582628906842 -0.25881904510252068 0 0.25881904510252068 -0.96592582628906842 0 0 0 1 
1 0 1.6468820440230979e-20 0 0 0 1 1 0 -0 -0 1 0 
1 -8.5226145778195294e-21 -5.5396994755826944e-20 0 0 0 1 1 0 -0 -0 1 0 
1 0.001 5.3734687462857662e-20 0 -0.96592582628906831 -0.25881904510252085 0 -0.25881904510252085 0.96592582628906831 0 -0 0 -1 
1 0.00086602540378443848 -0.00050000000000000044 0 -0.9659258262890682 0.25881904510252102 0 0.25881904510252102 0.9659258262890682 0 0 0 -1 
1 0.00086602540378443859 0.0004999999999999999 0 -0.70710678118654757 -0.70710678118654757 0 -0.70710678118654757 0.70710678118654757 0 -0 0 -1 
1 0.00049999999999999947 -0.00086602540378443902 0 -0.70710678118654724 0.70710678118654779 0 0.70710678118654779 0.70710678118654724 0 0 0 -1 
1 0.00050000000000000001 0.00086602540378443859 0 -0.25881904510252079 -0.96592582628906831 0 -0.96592582628906831 0.25881904510252079 0 -0 0 -1 
1 -1.0397221075424093e-19 -0.001 0 -0.25881904510252046 0.96592582628906842 0 0.96592582628906842 0.25881904510252046 0 0 0 -1 
1 -1.0397221075424092e-19 0.001 0 0.25881904510252085 -0.96592582628906831 0 -0.96592582628906831 -0.25881904510252085 0 0 -0 -1 
1 -0.00050000000000000034 -0.00086602540378443859 0 0.25881904510252113 0.9659258262890682 -0 0.9659258262890682 -0.25881904510252113 0 0 -0 -1 
1 -0.0004999999999999999 0.00086602540378443848 0 0.70710678118654735 -0.70710678118654779 0 -0.70710678118654779 -0.70710678118654735 0 0 -0 -1 
1 -0.0008660254037844387 -0.0004999999999999999 0 0.70710678118654779 0.70710678118654735 -0 0.70710678118654735 -0.70710678118654779 0 0 -0 -1 
1 -0.00086602540378443859 0.00050000000000000012 0 0.96592582628906831 -0.25881904510252091 0 -0.25881904510252091 -0.96592582628906831 0 0 -0 -1 
1 -0.001 -6.8729992451877652e-20 0 0.96592582628906831 0.25881904510252074 -0 0.25881904510252074 -0.96592582628906831 0 0 -0 -1 
1 -0.050000000000000003 -0.050000000000000003 0 0 -1 0 1 0 0 -0 0 1 
1 -0.050000000000000003 0.050000000000000003 0 -1 0 0 0 -1 0 0 0 1 
1 0.050000000000000003 -0.050000000000000003 0 1 0 0 -0 1 0 0 -0 1 
1 0.050000000000000003 0.050000000000000003 0 0 1 -0 -1 0 0 0 0 1 
1 0.0020699999999999998 0 0 0.96592582628906831 0.25881904510252079 -0 -0.25881904510252079 0.96592582628906831 0 0 0 1 
1 0.0017926725858337872 -0.0010350000000000008 0 0.9659258262890682 -0.25881904510252107 0 0.25881904510252107 0.9659258262890682 0 -0 0 1 
1 0.0017926725858337879 0.0010349999999999997 0 0.70710678118654768 0.70710678118654746 -0 -0.70710678118654746 0.70710678118654768 0 0 0 1 
1 -3.5510894074248042e-21 0 0 0 0 1 1 0 -0 -0 1 0 
